2,271,302
3,271,302
4,271,302
5,271,302
6,271,302
7,271,302
8,271,302
9,271,302
10,271,302
11,271,302
12,271,302
13,271,302
14,272,300
15,273,299
16,274,299
17,274,301
18,276,299
19,277,299
20,275,300
21,273,302
22,271,301
23,272,302
24,272,300
25,272,300
26,272,300
27,272,299
28,273,300
29,274,300
30,275,300
31,276,303
32,276,303
33,277,303
34,278,303
35,281,304
36,280,304
37,280,305
38,278,305
39,279,305
40,279,305
41,279,305
42,280,304
43,281,305
44,282,306
45,281,307
46,282,307
47,282,307
48,281,307
49,281,310
50,281,307
51,280,306
52,280,306
53,278,307
54,277,309
55,277,311
56,276,311
57,278,314
58,276,311
59,278,312
60,278,311
61,281,311
62,280,311
63,280,311
64,280,311
65,281,311
66,281,311
67,282,312
68,281,313
69,281,313
70,280,313
71,279,313
72,278,312
73,278,312
74,280,311
75,280,313
76,280,312
77,279,311
78,279,311
79,279,311
80,279,309
81,281,312
82,282,312
83,283,311
84,283,311
85,283,311
86,284,310
87,284,310
88,281,307
89,282,307
90,282,308
91,282,308
92,282,308
93,283,308
94,284,308
95,284,308
96,284,307
97,284,306
98,284,306
99,282,306
100,282,305
101,280,306
102,278,306
103,277,305
104,276,305
105,276,305
106,277,304
107,277,304
108,277,304
109,278,304
110,278,304
111,277,304
112,277,304
113,274,304
114,274,303
115,274,303
116,272,304
117,272,305
118,272,305
119,271,305
120,271,305
121,271,304
122,273,303
123,273,304
124,272,305
125,272,305
126,273,306
127,275,306
128,275,306
129,276,306
130,276,307
131,276,307
132,277,308
133,280,308
134,283,308
135,287,308
136,289,306
137,291,305
138,291,304
139,291,303
140,290,302
141,287,300
142,286,298
143,286,298
144,287,296
145,288,294
146,292,295
147,297,294
148,298,294
149,301,292
150,304,290
151,307,289
152,307,286
153,309,284
154,311,284
155,313,284
156,313,284
157,316,284
158,317,284
159,320,284
160,320,283
161,321,283
162,321,283
163,322,283
164,322,283
165,320,283
166,320,283
167,319,284
168,320,284
169,320,284
170,321,284
171,321,286
172,322,286
173,320,286
174,319,286
175,319,286
176,318,285
177,319,285
178,320,285
179,322,284
180,323,284
181,324,283
182,325,284
183,325,283
184,324,284
185,324,284
186,324,283
187,325,284
188,326,284
189,328,285
190,328,284
191,327,284
192,327,284
193,326,284
194,326,284
195,326,284
196,328,282
197,328,282
198,328,282
199,328,282
200,328,282
201,328,282
202,328,282
203,331,281
204,331,282
205,331,282
206,331,282
207,333,283
208,333,283
209,333,283
210,333,283
211,336,284
212,335,283
213,336,283
214,336,283
215,336,283
216,336,283
217,336,283
218,336,283
219,338,283
220,338,283
221,338,283
222,341,284
223,341,284
224,342,283
225,342,283
226,342,283
227,342,283
228,342,283
229,344,285
230,344,285
231,344,285
232,344,285
233,344,285
234,346,285
235,346,285
236,346,285
237,346,285
238,351,284
239,351,284
240,351,284
241,352,284
242,353,285
243,354,286
244,355,286
245,355,286
246,355,286
247,355,286
248,354,285
249,354,285
250,354,285
251,355,285
252,355,285
253,355,285
254,354,285
255,354,285
256,354,285
257,354,285
258,354,285
259,354,285
260,351,284
261,351,284
262,351,284
263,351,284
264,351,284
265,351,284
266,351,284
267,352,283
268,352,283
269,352,283
270,352,283
271,352,283
272,352,283
273,352,283
274,351,280
275,351,280
276,351,280
277,351,280
278,351,280
279,351,280
280,352,279
281,352,279
282,352,279
283,352,279
284,354,277
285,354,277
286,354,277
287,354,277
288,353,276
289,352,275
290,352,275
291,351,275
292,351,275
293,351,275
294,351,274
295,350,275
296,350,273
297,350,274
298,350,273
299,349,273
300,348,273
301,348,273
302,347,272
303,348,272
304,347,271
305,347,271
306,347,273
307,347,272
308,348,271
309,348,272
310,349,271
311,350,271
312,350,270
313,350,270
314,349,269
315,348,270
316,347,269
317,347,269
318,346,268
319,346,267
320,347,266
321,347,266
322,347,266
323,347,266
324,347,266
325,347,265
326,349,265
327,350,265
328,351,264
329,351,264
330,351,264
331,351,262
332,352,263
333,352,262
334,352,261
335,352,261
336,352,260
337,352,260
338,352,259
339,353,259
340,355,258
341,354,260
342,354,259
343,357,259
344,358,259
345,359,259
346,360,259
347,361,259
348,361,258
349,363,257
350,362,257
351,362,257
352,362,255
353,362,255
354,365,256
355,367,256
356,366,256
357,366,255
358,366,255
359,369,255
360,369,255
361,370,255
362,371,253
363,370,253
364,368,253
365,368,253
366,369,253
367,370,253
368,369,252
369,372,252
370,374,251
371,375,252
372,373,252
373,373,253
374,372,252
375,373,253
376,375,253
377,376,253
378,378,252
379,378,253
380,378,253
381,379,253
382,381,252
383,381,253
384,382,252
385,384,252
386,384,252
387,385,252
388,384,251
389,383,252
390,382,251
391,383,251
392,385,250
393,386,250
394,387,250
395,386,251
396,388,250
397,386,250
398,388,250
399,390,250
400,391,250
401,394,249
402,395,249
403,395,249
404,396,249
405,396,248
406,397,249
407,399,249
408,400,249
409,400,249
410,400,249
411,400,249
412,401,249
413,402,249
414,402,250
415,404,251
416,404,250
417,404,251
418,406,248
419,407,250
420,406,250
421,407,251
422,407,251
423,406,252
424,409,251
425,409,251
426,411,252
427,410,251
428,409,252
429,410,253
430,410,252
431,409,253
432,412,252
433,412,252
434,414,251
435,413,250
436,413,251
437,413,251
438,413,253
439,413,253
440,412,252
441,413,254
442,411,254
443,412,254
444,413,254
445,415,254
446,414,255
447,414,255
448,416,255
449,416,255
