2,336,71
3,336,71
4,336,71
5,336,71
6,336,71
7,336,71
8,336,71
9,336,71
10,336,71
11,336,71
12,336,71
13,336,71
14,336,71
15,336,71
16,336,71
17,336,71
18,336,71
19,336,71
20,336,71
21,336,71
22,336,71
23,336,71
24,336,71
25,336,71
26,336,71
27,336,71
28,336,71
29,336,71
30,336,71
31,336,71
32,336,71
33,336,71
34,336,71
35,336,71
36,336,71
37,336,71
38,336,71
39,336,71
40,336,71
41,336,71
42,336,71
43,336,71
44,336,71
45,336,71
46,336,71
47,336,71
48,341,76
49,341,76
50,341,76
51,341,76
52,341,76
53,341,76
54,341,76
55,341,76
56,340,82
57,340,82
58,340,82
59,340,82
60,340,82
61,340,87
62,340,87
63,340,87
64,340,87
65,340,87
66,340,87
67,340,87
68,340,87
69,341,92
70,341,92
71,341,92
72,341,92
73,341,92
74,338,97
75,338,97
76,338,97
77,338,97
78,338,97
79,337,102
80,337,102
81,337,102
82,337,102
83,337,102
84,338,107
85,338,107
86,338,107
87,338,107
88,338,107
89,338,107
90,335,112
91,335,112
92,335,112
93,335,112
94,335,112
95,333,117
96,333,117
97,333,117
98,333,117
99,333,117
100,333,117
101,334,122
102,334,122
103,334,122
104,334,122
105,334,122
106,333,127
107,333,127
108,333,127
109,333,127
110,333,127
111,333,127
112,333,127
113,332,132
114,332,132
115,332,132
116,332,132
117,332,132
118,332,132
119,332,132
120,333,136
121,333,136
122,333,136
123,333,136
124,333,136
125,333,136
126,333,136
127,333,136
128,333,136
129,333,136
130,333,141
131,333,141
132,333,141
133,333,141
134,334,146
135,334,146
136,334,146
137,334,146
138,334,146
139,334,146
140,336,151
141,336,151
142,336,151
143,336,151
144,336,151
145,333,156
146,333,156
147,333,156
148,333,156
149,333,156
150,333,156
151,333,156
152,333,156
153,335,161
154,335,161
155,336,165
156,336,165
157,336,165
158,336,165
159,336,165
160,336,165
161,336,165
162,336,165
163,336,165
164,335,169
165,335,169
166,335,169
167,340,173
168,340,173
169,340,173
170,340,173
171,337,178
172,337,178
173,337,178
174,337,178
175,337,178
176,337,178
177,337,178
178,337,178
179,337,183
180,337,183
181,337,183
182,337,183
183,337,187
184,337,187
185,337,187
186,337,187
187,337,187
188,337,187
189,339,192
190,339,192
191,339,192
192,339,192
193,339,192
194,339,192
195,339,192
196,339,192
197,339,192
198,339,192
199,339,197
200,339,197
201,339,201
202,339,201
203,339,201
204,339,201
205,338,204
206,338,204
207,338,204
208,338,204
209,338,204
210,338,204
211,341,208
212,341,208
213,341,208
214,341,208
215,341,208
216,341,208
217,341,208
218,341,208
219,341,208
220,341,208
221,341,208
222,342,212
223,342,212
224,341,216
225,341,216
226,341,216
227,341,216
228,341,216
229,342,223
230,342,223
231,342,223
232,342,223
233,342,223
234,342,223
235,342,223
236,342,223
237,342,223
238,339,227
239,339,227
240,339,227
241,339,227
242,339,227
243,339,230
244,339,230
245,339,230
246,339,230
247,339,230
248,340,233
249,340,233
250,340,233
251,340,233
252,340,233
253,340,233
254,340,233
255,343,237
256,343,237
257,343,237
258,343,237
259,340,240
260,340,240
261,340,240
262,340,240
263,340,243
264,340,243
265,340,243
266,340,243
267,340,243
268,342,247
269,342,247
270,342,247
271,342,247
272,342,247
273,342,247
274,340,250
275,340,250
276,340,253
277,340,253
278,338,256
279,338,256
280,338,256
281,338,256
282,338,256
283,338,256
284,338,256
285,338,256
286,336,262
287,336,262
288,338,265
289,338,265
290,338,265
291,338,265
292,337,268
293,337,268
294,337,268
295,337,268
296,337,268
297,335,272
298,335,272
299,335,272
300,335,272
301,335,272
302,335,272
303,335,272
304,335,272
305,332,275
306,332,275
307,332,275
308,332,275
309,330,278
310,330,278
311,330,278
312,330,278
313,331,282
314,331,282
315,329,286
316,329,286
317,329,286
318,329,286
319,329,286
320,329,286
321,329,286
322,329,286
323,326,289
324,326,289
325,326,289
326,327,292
327,327,292
328,327,292
329,327,292
330,329,297
331,329,297
332,329,297
333,329,297
334,329,297
335,330,300
336,330,300
337,330,300
338,330,300
339,330,300
340,330,300
341,330,300
342,330,300
343,330,303
344,330,303
345,325,306
346,325,306
347,327,309
348,327,309
349,327,309
350,327,309
351,327,309
352,327,309
353,327,309
354,327,309
355,327,309
356,327,309
357,332,312
358,332,312
359,332,312
360,332,312
361,332,315
362,332,315
363,332,315
364,333,318
365,333,318
366,333,318
367,334,323
368,334,323
369,333,325
370,333,325
371,333,325
372,335,329
373,335,329
374,335,329
375,335,329
376,335,329
377,335,329
378,335,329
379,335,329
380,335,329
381,336,332
382,337,335
383,337,335
384,340,338
385,340,338
386,340,338
387,339,342
388,339,342
389,339,342
390,339,342
391,339,345
392,339,345
393,339,345
394,339,345
395,339,345
396,339,345
397,339,345
398,339,345
399,338,349
400,338,349
401,338,349
402,338,349
403,338,349
404,338,353
405,338,353
406,338,353
407,338,353
408,338,353
409,344,361
410,344,361
411,344,361
412,344,361
413,344,361
414,344,361
415,342,363
416,342,363
417,342,363
418,342,363
419,342,363
420,343,366
421,343,366
422,343,366
423,343,366
424,343,366
425,343,366
426,343,369
427,343,369
428,343,369
429,343,369
430,340,374
431,340,374
432,341,376
433,341,376
434,341,376
435,341,376
436,341,376
437,341,376
438,341,379
439,341,379
440,341,379
441,341,379
442,341,379
443,346,385
444,346,385
445,344,386
446,344,386
447,344,386
448,344,386
449,344,386
450,344,386
451,340,392
452,340,392
453,340,392
454,340,392
455,340,392
456,340,392
457,340,392
458,340,392
459,340,392
460,340,398
461,340,398
462,340,398
463,340,398
464,340,398
465,340,398
466,340,398
467,340,398
468,340,400
469,340,400
470,337,402
471,337,402
472,335,404
473,335,404
474,335,404
475,335,404
476,335,404
477,333,406
478,330,412
479,330,412
480,330,412
481,330,412
482,330,412
483,330,412
484,330,412
485,330,412
486,330,412
487,330,412
488,330,412
489,331,414
490,331,414
491,333,416
492,333,416
493,333,416
494,333,416
495,333,416
496,333,416
497,333,421
498,333,421
499,333,421
500,333,421
501,333,421
502,333,421
503,331,423
504,331,423
505,331,425
506,330,427
507,330,427
508,330,427
509,332,429
510,332,429
511,332,429
512,333,431
513,333,431
514,333,431
515,333,431
516,334,434
517,334,434
518,334,434
519,334,434
520,329,436
521,329,436
522,329,436
523,329,436
524,329,436
525,329,436
526,326,438
527,326,438
528,326,438
529,326,438
530,326,438
531,325,440
532,325,440
533,325,440
534,325,440
535,325,440
536,325,440
537,329,444
538,327,446
539,331,449
540,331,449
541,331,449
542,331,449
543,333,456
544,333,456
545,333,456
546,333,456
547,333,456
548,333,456
549,333,456
550,333,456
551,333,456
552,333,456
553,333,456
554,333,456
555,333,456
556,333,456
557,330,458
558,330,458
559,330,458
560,330,458
561,330,458
562,330,458
563,330,458
564,330,458
565,330,458
566,330,458
567,330,458
568,330,458
569,328,461
