2,338,385
3,338,385
4,338,385
5,338,385
6,338,385
7,338,385
8,338,385
9,338,385
10,338,385
11,338,385
12,338,385
13,338,385
14,338,385
15,338,385
16,338,385
17,338,385
18,338,385
19,338,385
20,338,385
21,338,385
22,338,385
23,338,385
24,338,385
25,338,385
26,338,385
27,338,385
28,338,385
29,338,385
30,338,385
31,338,385
32,338,385
33,338,385
34,338,385
35,338,385
36,338,385
37,338,385
38,338,385
39,338,385
40,338,385
41,338,385
42,336,381
43,336,381
44,336,381
45,336,381
46,336,381
47,336,381
48,336,381
49,336,381
50,337,377
51,337,377
52,337,377
53,337,377
54,336,373
55,336,373
56,336,373
57,336,373
58,336,373
59,336,373
60,336,369
61,336,369
62,336,369
63,335,366
64,335,366
65,335,366
66,335,366
67,335,366
68,335,366
69,335,366
70,335,366
71,335,366
72,336,362
73,336,362
74,334,359
75,334,359
76,334,359
77,334,359
78,334,359
79,334,359
80,334,359
81,334,359
82,334,359
83,334,359
84,333,355
85,333,355
86,333,355
87,333,355
88,333,355
89,333,355
90,333,355
91,333,355
92,333,355
93,332,351
94,332,351
95,332,347
96,332,347
97,332,347
98,332,347
99,330,343
100,330,343
101,330,343
102,330,339
103,330,339
104,331,335
105,331,335
106,331,335
107,331,335
108,332,332
109,332,332
110,332,332
111,332,332
112,333,329
113,333,329
114,332,326
115,332,326
116,332,326
117,332,326
118,332,326
119,332,326
120,333,323
121,333,323
122,333,323
123,333,323
124,333,320
125,333,320
126,332,318
127,332,318
128,332,318
129,332,318
130,332,318
131,332,318
132,332,318
133,332,318
134,332,318
135,332,318
136,332,318
137,334,315
138,337,312
139,337,312
140,337,312
141,338,308
142,338,308
143,338,308
144,338,308
145,338,308
146,338,301
147,338,301
148,338,301
149,338,301
150,338,301
151,338,301
152,338,301
153,338,301
154,338,301
155,338,301
156,338,301
157,338,297
158,338,297
159,338,297
160,338,297
161,338,297
162,336,294
163,336,294
164,336,294
165,336,294
166,336,294
167,336,294
168,336,294
169,339,285
170,339,285
171,339,285
172,339,285
173,339,285
174,339,285
175,339,285
176,339,285
177,339,285
178,339,285
179,339,285
180,339,285
181,339,285
182,339,285
183,339,285
184,340,283
185,340,283
186,340,283
187,340,283
188,340,283
189,342,280
190,342,280
191,342,280
192,346,277
193,346,277
194,346,277
195,346,277
196,346,277
197,346,277
198,346,277
199,344,274
200,344,274
201,345,271
202,345,271
203,345,271
204,345,271
205,345,271
206,345,271
207,345,271
208,345,271
209,343,268
210,343,268
211,343,268
212,343,268
213,343,264
214,343,264
215,343,264
216,343,261
217,343,261
218,343,261
219,343,261
220,343,261
221,343,261
222,343,261
223,343,261
224,343,261
225,343,261
226,343,261
227,343,261
228,342,257
229,342,257
230,343,253
231,343,253
232,343,253
233,344,250
234,344,250
235,344,248
236,344,248
237,344,248
238,344,248
239,344,248
240,347,245
241,347,245
242,347,245
243,347,245
244,347,245
245,347,245
246,347,241
247,347,241
248,347,241
249,347,241
250,347,241
251,347,241
252,347,241
253,347,241
254,347,241
255,347,241
256,347,241
257,347,241
258,345,239
259,345,239
260,345,239
261,345,239
262,345,239
263,341,237
264,341,237
265,340,235
266,340,233
267,340,233
268,340,233
269,340,233
270,340,233
271,337,230
272,337,230
273,337,230
274,337,227
275,337,227
276,337,227
277,336,224
278,336,224
279,336,224
280,336,224
281,336,224
282,335,221
283,335,221
284,335,221
285,335,221
286,335,221
287,335,221
288,334,218
289,334,218
290,333,215
291,333,215
292,333,215
293,333,215
294,333,215
295,332,213
296,330,210
297,330,210
298,330,210
299,330,207
300,330,207
301,330,204
302,330,204
303,330,204
304,332,202
305,332,202
306,332,202
307,332,202
308,332,202
309,332,202
310,331,199
311,331,199
312,331,199
313,331,199
314,331,199
315,331,199
316,331,199
317,329,197
318,326,195
319,326,195
320,329,191
321,329,191
322,329,191
323,329,191
324,329,191
325,327,187
326,327,187
327,327,187
328,327,187
329,327,187
330,327,187
331,327,187
332,327,187
333,327,184
334,327,184
335,328,181
336,328,181
337,326,176
338,326,173
339,326,171
340,326,171
341,326,171
342,326,171
343,326,171
344,328,169
345,328,169
346,328,169
347,331,166
348,331,166
349,331,166
350,331,166
351,331,166
352,331,166
353,331,166
354,331,166
355,331,166
356,331,166
357,331,166
358,331,166
359,331,166
360,330,164
361,333,156
362,333,156
363,333,156
364,333,156
365,333,156
366,333,156
367,333,156
368,333,156
369,333,156
370,333,156
371,333,156
372,333,156
373,333,156
374,333,156
375,333,156
376,333,156
377,333,156
378,333,154
379,333,154
380,332,152
381,332,152
382,333,146
383,333,146
384,333,146
385,333,146
386,334,143
387,336,141
388,336,141
389,336,141
390,336,141
391,336,141
392,336,141
393,336,141
394,339,137
395,339,137
396,339,137
397,339,137
398,339,137
399,339,137
400,341,133
401,341,133
402,341,133
403,341,133
404,341,133
405,341,133
406,341,133
407,341,133
408,341,133
409,341,133
410,344,128
411,344,128
412,344,128
413,344,128
414,344,126
415,344,126
416,344,126
417,344,126
418,344,126
419,341,124
420,341,124
421,343,120
422,343,118
423,344,116
424,344,116
425,344,116
426,344,116
427,344,116
428,344,116
429,344,116
430,344,116
431,344,116
432,344,116
433,344,116
434,344,116
435,341,110
436,341,110
437,341,110
438,341,110
439,341,110
440,341,110
441,339,106
442,339,106
443,339,106
444,339,106
445,339,106
446,339,106
447,339,106
448,339,106
449,339,106
450,345,100
451,345,100
452,345,100
453,345,100
454,342,98
455,344,94
456,344,94
457,344,94
458,342,93
459,342,93
460,342,93
461,342,93
462,342,93
463,342,93
464,342,93
465,342,91
466,342,91
467,342,88
468,342,87
469,346,82
470,346,82
471,346,82
472,346,82
473,346,82
474,346,82
475,346,82
476,346,82
477,346,82
478,346,82
479,346,82
480,346,82
481,353,78
482,353,78
483,346,74
484,346,74
485,346,73
486,346,73
487,346,73
488,346,73
489,346,73
490,346,73
491,346,73
492,346,73
493,346,73
494,346,73
495,346,73
496,346,73
497,346,73
498,346,73
499,345,72
500,344,69
501,344,69
502,342,67
503,342,67
504,342,67
505,342,67
506,341,66
507,340,64
508,340,64
509,341,60
510,341,60
511,341,60
512,338,58
513,338,58
514,338,58
515,338,58
516,337,56
517,333,55
518,332,53
519,332,53
520,332,53
521,332,53
522,332,53
523,332,51
524,332,51
525,331,45
526,331,43
527,331,41
528,331,41
529,331,41
530,331,41
531,335,38
532,334,30
