2,130,236
3,130,236
4,130,236
5,130,236
6,130,236
7,130,236
8,130,236
9,130,236
10,130,236
11,130,236
12,130,236
13,130,236
14,130,236
15,130,236
16,130,236
17,130,236
18,151,237
19,151,237
20,151,237
21,151,237
22,151,237
23,151,237
24,151,237
25,151,237
26,151,237
27,151,237
28,151,237
29,151,237
30,151,237
31,151,237
32,151,237
33,151,237
34,151,237
35,151,237
36,151,237
37,151,237
38,151,237
39,151,237
40,172,238
41,172,238
42,172,238
43,172,238
44,172,238
45,172,238
46,172,238
47,172,238
48,172,238
49,172,238
50,172,238
51,172,238
52,172,238
53,172,238
54,172,238
55,172,238
56,172,238
57,172,238
58,172,238
59,172,238
60,172,238
61,172,238
62,172,238
63,191,239
64,191,239
65,191,239
66,191,239
67,191,239
68,191,239
69,191,239
70,191,239
71,191,239
72,191,239
73,191,239
74,191,239
75,191,239
76,191,239
77,191,239
78,191,239
79,191,239
80,191,239
81,191,239
82,191,239
83,191,239
84,191,239
85,209,240
86,209,240
87,209,240
88,209,240
89,209,240
90,209,240
91,209,240
92,209,240
93,209,240
94,209,240
95,209,240
96,209,240
97,209,240
98,209,240
99,209,240
100,209,240
101,209,240
102,209,240
103,209,240
104,209,240
105,229,241
106,229,241
107,229,241
108,229,241
109,229,241
110,229,241
111,229,241
112,229,241
113,229,241
114,229,241
115,229,241
116,229,241
117,229,241
118,229,241
119,229,241
120,229,241
121,229,241
122,229,241
123,229,241
124,229,241
125,229,241
126,229,241
127,248,242
128,248,242
129,248,242
130,248,242
131,248,242
132,248,242
133,248,242
134,248,242
135,248,242
136,248,242
137,248,242
138,248,242
139,248,242
140,248,242
141,248,242
142,248,242
143,248,242
144,248,242
145,248,242
146,248,242
147,248,242
148,248,242
149,248,242
150,248,242
151,248,242
152,248,242
153,248,242
154,248,242
155,248,242
156,248,242
157,266,244
158,266,244
159,266,244
160,266,244
161,266,244
162,266,244
163,266,244
164,266,244
165,266,244
166,266,244
167,266,244
168,266,244
169,266,244
170,266,244
171,266,244
172,266,244
173,266,244
174,266,244
175,266,244
176,266,244
177,266,244
178,266,244
179,266,244
180,266,244
181,266,244
182,266,244
183,266,244
184,266,244
185,266,244
186,266,244
187,266,244
188,284,246
189,284,246
190,284,246
191,284,246
192,284,246
193,284,246
194,284,246
195,284,246
196,284,246
197,284,246
198,284,246
199,284,246
200,284,246
201,284,246
202,284,246
203,284,246
204,284,246
205,284,246
206,284,246
207,284,246
208,284,246
209,284,246
210,284,246
211,284,246
212,284,246
213,300,247
214,300,247
215,300,247
216,300,247
217,300,247
218,300,247
219,300,247
220,300,247
221,300,247
222,300,247
223,300,247
224,300,247
225,300,247
226,300,247
227,300,247
228,300,247
229,300,247
230,300,247
231,300,247
232,300,247
233,314,247
234,314,247
235,314,247
236,314,247
237,314,247
238,314,247
239,314,247
240,314,247
241,314,247
242,314,247
243,314,247
244,314,247
245,314,247
246,314,247
247,314,247
248,314,247
249,330,247
250,330,247
251,330,247
252,330,247
253,330,247
254,330,247
255,330,247
256,330,247
257,330,247
258,330,247
259,330,247
260,330,247
261,330,247
262,330,247
263,330,247
264,330,247
265,330,247
266,330,247
267,346,247
268,346,247
269,346,247
270,346,247
271,346,247
272,346,247
273,346,247
274,346,247
275,346,247
276,346,247
277,346,247
278,346,247
279,346,247
280,346,247
281,346,247
282,346,247
283,346,247
284,346,247
285,359,247
286,359,247
287,359,247
288,359,247
289,359,247
290,359,247
291,359,247
292,359,247
293,359,247
294,359,247
295,359,247
296,359,247
297,359,247
298,359,247
299,359,247
300,359,247
301,375,248
302,375,248
303,375,248
304,375,248
305,375,248
306,375,248
307,375,248
308,375,248
309,375,248
310,375,248
311,375,248
312,375,248
313,375,248
314,375,248
315,375,248
316,375,248
317,375,248
318,375,248
319,375,248
320,375,248
321,375,248
322,375,248
323,375,248
324,375,248
325,375,248
326,389,248
327,389,248
328,389,248
329,389,248
330,389,248
331,389,248
332,389,248
333,389,248
334,389,248
335,389,248
336,389,248
337,389,248
338,389,248
339,389,248
340,389,248
341,389,248
342,402,248
343,402,248
344,402,248
345,402,248
346,402,248
347,402,248
348,402,248
349,402,248
350,402,248
351,402,248
352,402,248
353,402,248
354,402,248
355,414,248
356,414,248
357,414,248
358,414,248
359,414,248
360,414,248
361,414,248
362,414,248
363,414,248
364,414,248
365,414,248
366,414,248
367,414,248
368,414,248
369,414,248
370,414,248
371,414,248
372,414,248
373,427,249
374,427,249
375,427,249
376,427,249
377,427,249
378,427,249
379,427,249
380,427,249
381,427,249
382,427,249
383,427,249
384,427,249
385,427,249
386,427,249
387,427,249
388,427,249
389,427,249
390,427,249
391,427,249
392,427,249
393,427,249
394,427,249
395,439,249
396,439,249
397,439,249
398,439,249
399,439,249
400,439,249
401,439,249
402,439,249
403,439,249
404,439,249
405,439,249
406,439,249
407,439,249
408,439,249
409,439,249
410,439,249
411,439,249
412,439,249
413,439,249
414,451,249
415,451,249
416,451,249
417,451,249
418,451,249
419,451,249
420,451,249
421,451,249
422,451,249
423,451,249
424,451,249
425,451,249
426,451,249
427,451,249
428,451,249
429,451,249
430,451,249
431,451,249
432,461,250
433,461,250
434,461,250
435,461,250
436,461,250
437,461,250
438,461,250
439,461,250
440,461,250
441,461,250
442,461,250
443,461,250
444,461,250
445,461,250
446,461,250
447,461,250
448,472,251
449,472,251
450,472,251
451,472,251
452,472,251
453,472,251
454,472,251
455,472,251
456,472,251
457,472,251
458,472,251
459,472,251
460,472,251
461,472,251
462,472,251
463,472,251
464,472,251
465,480,251
