26,118
26,119
26,120
26,121
26,122
26,123
26,124
26,162
26,163
26,164
26,165
26,166
26,167
26,210
26,211
26,212
26,213
26,214
26,257
26,258
26,259
26,260
27,118
27,119
27,120
27,121
27,122
27,123
27,124
27,162
27,163
27,164
27,165
27,166
27,167
27,210
27,211
27,212
27,213
27,214
27,257
27,258
27,259
27,260
28,118
28,119
28,120
28,121
28,122
28,123
28,124
28,125
28,126
28,127
28,128
28,129
28,130
28,131
28,132
28,133
28,134
28,135
28,136
28,137
28,138
28,139
28,140
28,141
28,142
28,143
28,144
28,145
28,146
28,147
28,148
28,149
28,150
28,151
28,152
28,153
28,154
28,155
28,156
28,157
28,158
28,159
28,160
28,161
28,162
28,163
28,164
28,165
28,166
28,167
28,168
28,169
28,170
28,171
28,172
28,173
28,174
28,175
28,176
28,177
28,178
28,179
28,180
28,181
28,182
28,183
28,184
28,185
28,186
28,187
28,188
28,189
28,190
28,191
28,192
28,193
28,194
28,195
28,196
28,197
28,198
28,199
28,200
28,201
28,202
28,203
28,204
28,205
28,206
28,207
28,208
28,209
28,210
28,211
28,212
28,213
28,214
28,215
28,216
28,217
28,218
28,219
28,220
28,221
28,222
28,223
28,224
28,225
28,226
28,227
28,228
28,229
28,230
28,231
28,232
28,233
28,234
28,235
28,236
28,237
28,238
28,239
28,240
28,241
28,242
28,243
28,244
28,245
28,246
28,247
28,248
28,249
28,250
28,251
28,252
28,253
28,254
28,255
28,256
28,257
28,258
28,259
28,260
29,118
29,119
29,120
29,121
29,122
29,123
29,124
29,125
29,126
29,127
29,128
29,129
29,130
29,131
29,132
29,133
29,134
29,135
29,136
29,137
29,138
29,139
29,140
29,141
29,142
29,143
29,144
29,145
29,146
29,147
29,148
29,149
29,150
29,151
29,152
29,153
29,154
29,155
29,156
29,157
29,158
29,159
29,160
29,161
29,162
29,163
29,164
29,165
29,166
29,167
29,168
29,169
29,170
29,171
29,172
29,173
29,174
29,175
29,176
29,177
29,178
29,179
29,180
29,181
29,182
29,183
29,184
29,185
29,186
29,187
29,188
29,189
29,190
29,191
29,192
29,193
29,194
29,195
29,196
29,197
29,198
29,199
29,200
29,201
29,202
29,203
29,204
29,205
29,206
29,207
29,208
29,209
29,210
29,211
29,212
29,213
29,214
29,215
29,216
29,217
29,218
29,219
29,220
29,221
29,222
29,223
29,224
29,225
29,226
29,227
29,228
29,229
29,230
29,231
29,232
29,233
29,234
29,235
29,236
29,237
29,238
29,239
29,240
29,241
29,242
29,243
29,244
29,245
29,246
29,247
29,248
29,249
29,250
29,251
29,252
29,253
29,254
29,255
29,256
29,257
29,258
29,259
29,260
30,118
30,119
30,120
30,121
30,122
30,123
30,124
30,162
30,163
30,164
30,165
30,166
30,167
30,210
30,211
30,212
30,213
30,214
30,257
30,258
30,259
30,260
31,118
31,119
31,120
31,121
31,122
31,123
31,124
31,162
31,163
31,164
31,165
31,166
31,167
31,210
31,211
31,212
31,213
31,214
31,257
31,258
31,259
31,260
32,118
32,120
32,121
32,122
32,123
32,162
32,163
32,164
32,165
32,166
32,211
32,212
32,213
32,214
32,257
32,258
32,260
33,120
33,165
33,212
33,213
33,258
34,120
34,165
34,212
34,213
34,258
35,120
35,165
35,212
35,213
35,258
36,120
36,165
36,212
36,213
36,258
37,120
37,165
37,212
37,213
37,258
38,120
38,165
38,212
38,213
38,258
39,120
39,165
39,212
39,213
39,258
40,120
40,165
40,212
40,213
40,258
41,120
41,165
41,212
41,213
41,258
42,120
42,165
42,212
42,213
42,258
43,120
43,165
43,212
43,213
43,258
44,120
44,165
44,212
44,213
44,258
45,120
45,165
45,212
45,213
45,258
46,120
46,165
46,212
46,213
46,258
47,120
47,165
47,212
47,213
47,258
48,120
48,165
48,212
48,213
48,258
49,120
49,165
49,212
49,213
49,258
50,120
50,165
50,212
50,213
50,258
51,120
51,165
51,212
51,213
51,258
52,120
52,165
52,212
52,213
52,258
53,120
53,165
53,212
53,213
53,258
54,120
54,165
54,212
54,213
54,258
55,120
55,165
55,212
55,213
55,258
56,120
56,165
56,212
56,213
56,258
57,120
57,165
57,212
57,213
57,258
58,120
58,165
58,212
58,213
58,258
59,120
59,165
59,212
59,213
59,258
60,120
60,165
60,212
60,213
60,258
61,120
61,165
61,212
61,213
61,258
62,120
62,165
62,212
62,213
62,258
63,120
63,165
63,212
63,213
63,258
64,120
64,165
64,212
64,213
64,258
65,120
65,165
65,212
65,213
65,258
66,120
66,165
66,212
66,213
66,258
67,120
67,165
67,212
67,213
67,258
68,120
68,165
68,212
68,213
68,258
69,120
69,165
69,212
69,213
69,258
70,120
70,165
70,212
70,213
70,258
71,120
71,165
71,212
71,213
71,258
72,118
72,119
72,120
72,121
72,122
72,123
72,124
72,162
72,163
72,164
72,165
72,166
72,167
72,210
72,211
72,212
72,213
72,214
72,257
72,258
72,259
72,260
73,118
73,119
73,120
73,121
73,122
73,123
73,124
73,162
73,163
73,164
73,165
73,166
73,167
73,210
73,211
73,212
73,213
73,214
73,257
73,258
73,259
73,260
74,118
74,119
74,120
74,121
74,122
74,123
74,124
74,162
74,163
74,164
74,165
74,166
74,167
74,168
74,210
74,211
74,212
74,213
74,214
74,215
74,256
74,257
74,258
74,259
74,260
75,118
75,119
75,120
75,121
75,122
75,123
75,124
75,125
75,126
75,127
75,128
75,129
75,130
75,131
75,132
75,133
75,134
75,135
75,136
75,137
75,138
75,139
75,140
75,141
75,142
75,143
75,144
75,145
75,146
75,147
75,148
75,149
75,150
75,151
75,152
75,153
75,154
75,155
75,156
75,157
75,158
75,159
75,160
75,161
75,162
75,163
75,164
75,165
75,166
75,167
75,168
75,169
75,170
75,171
75,172
75,173
75,174
75,175
75,176
75,177
75,178
75,179
75,180
75,181
75,182
75,183
75,184
75,185
75,186
75,187
75,188
75,189
75,190
75,191
75,192
75,193
75,194
75,195
75,196
75,197
75,198
75,199
75,200
75,201
75,202
75,203
75,204
75,205
75,206
75,207
75,208
75,209
75,210
75,211
75,212
75,213
75,214
75,215
75,216
75,217
75,218
75,219
75,220
75,221
75,222
75,223
75,224
75,225
75,226
75,227
75,228
75,229
75,230
75,231
75,232
75,233
75,234
75,235
75,236
75,237
75,238
75,239
75,240
75,241
75,242
75,243
75,244
75,245
75,246
75,247
75,248
75,249
75,250
75,251
75,252
75,253
75,254
75,255
75,256
75,257
75,258
75,259
75,260
76,118
76,119
76,120
76,121
76,122
76,123
76,124
76,162
76,163
76,164
76,165
76,166
76,167
76,210
76,211
76,212
76,213
76,214
76,256
76,257
76,258
76,259
76,260
77,118
77,119
77,120
77,121
77,122
77,123
77,124
77,162
77,163
77,164
77,165
77,166
77,167
77,210
77,211
77,212
77,213
77,214
77,257
77,258
77,259
77,260
78,118
78,119
78,120
78,121
78,122
78,123
78,124
78,162
78,163
78,164
78,165
78,166
78,167
78,210
78,211
78,212
78,213
78,214
78,257
78,258
78,259
78,260
79,120
79,165
79,212
79,213
79,258
80,120
80,165
80,212
80,213
80,258
81,120
81,165
81,212
81,213
81,258
82,120
82,165
82,212
82,213
82,258
83,120
83,165
83,212
83,213
83,258
84,120
84,165
84,212
84,213
84,258
85,120
85,165
85,212
85,213
85,258
86,120
86,165
86,212
86,213
86,258
87,120
87,165
87,212
87,213
87,258
88,120
88,165
88,212
88,213
88,258
89,120
89,165
89,212
89,213
89,258
90,120
90,165
90,212
90,213
90,258
91,120
91,165
91,212
91,213
91,258
92,120
92,165
92,212
92,213
92,258
93,120
93,165
93,212
93,213
93,258
94,120
94,165
94,212
94,213
94,258
95,120
95,165
95,212
95,213
95,258
96,120
96,165
96,212
96,213
96,258
97,120
97,165
97,212
97,213
97,258
98,120
98,165
98,212
98,213
98,258
99,120
99,165
99,212
99,213
99,258
100,120
100,165
100,212
100,213
100,258
101,120
101,165
101,212
101,213
101,258
101,291
101,299
102,120
102,165
102,212
102,213
102,258
102,291
102,292
102,293
102,294
102,295
102,296
102,297
102,298
102,299
103,120
103,165
103,212
103,213
103,258
103,291
103,292
103,293
103,294
103,295
103,296
103,297
103,298
103,299
104,120
104,165
104,212
104,213
104,258
104,291
104,292
104,293
104,294
104,295
104,296
104,297
104,298
104,299
105,120
105,165
105,212
105,213
105,258
105,291
105,292
105,293
105,294
105,295
105,296
105,297
105,298
105,299
106,120
106,165
106,212
106,213
106,258
106,291
106,292
106,293
106,294
106,295
106,296
106,297
106,298
106,299
107,120
107,165
107,212
107,213
107,258
107,291
107,292
107,293
107,294
107,295
107,296
107,297
107,298
107,299
108,120
108,165
108,212
108,213
108,258
108,291
108,292
108,293
108,294
108,295
108,296
108,297
108,298
108,299
109,120
109,165
109,212
109,213
109,258
109,291
109,292
109,293
109,294
109,295
109,296
109,297
109,298
109,299
110,120
110,165
110,212
110,213
110,258
110,291
110,292
110,293
110,294
110,295
110,296
110,297
110,298
110,299
111,120
111,165
111,212
111,213
111,258
111,291
111,292
111,293
111,294
111,295
111,296
111,297
111,298
111,299
112,120
112,165
112,212
112,213
112,258
112,291
112,292
112,293
112,294
112,295
112,296
112,297
112,298
112,299
113,120
113,165
113,212
113,213
113,258
113,291
113,292
113,293
113,294
113,295
113,296
113,297
113,298
113,299
114,120
114,165
114,212
114,213
114,258
114,291
114,292
114,293
114,294
114,295
114,296
114,297
114,298
114,299
115,120
115,165
115,212
115,213
115,258
115,291
115,292
115,293
115,294
115,295
115,296
115,297
115,298
115,299
116,120
116,165
116,212
116,213
116,258
116,291
116,292
116,293
116,294
116,295
116,296
116,297
116,298
116,299
117,120
117,165
117,212
117,213
117,258
117,291
117,292
117,293
117,294
117,295
117,296
117,297
117,298
117,299
118,120
118,165
118,212
118,213
118,258
118,291
118,292
118,293
118,294
118,295
118,296
118,297
118,298
118,299
119,120
119,165
119,212
119,213
119,258
119,291
119,292
119,293
119,294
119,295
119,296
119,297
119,298
119,299
120,120
120,165
120,212
120,213
120,258
120,291
120,292
120,293
120,294
120,295
120,296
120,297
120,298
120,299
121,118
121,119
121,120
121,121
121,122
121,123
121,124
121,162
121,163
121,164
121,165
121,166
121,167
121,210
121,211
121,212
121,213
121,214
121,257
121,258
121,259
121,260
121,291
121,292
121,293
121,294
121,295
121,296
121,297
121,298
121,299
122,118
122,119
122,120
122,121
122,122
122,123
122,124
122,162
122,163
122,164
122,165
122,166
122,167
122,210
122,211
122,212
122,213
122,214
122,257
122,258
122,259
122,260
122,291
122,292
122,293
122,294
122,295
122,296
122,297
122,298
122,299
123,118
123,119
123,120
123,121
123,122
123,123
123,124
123,162
123,163
123,164
123,165
123,166
123,167
123,210
123,211
123,212
123,213
123,214
123,257
123,258
123,259
123,260
123,291
123,292
123,293
123,294
123,295
123,296
123,297
123,298
123,299
124,118
124,119
124,120
124,121
124,122
124,123
124,124
124,125
124,126
124,127
124,128
124,129
124,130
124,131
124,132
124,133
124,134
124,135
124,136
124,137
124,138
124,139
124,140
124,141
124,142
124,143
124,144
124,145
124,146
124,147
124,148
124,149
124,150
124,151
124,152
124,153
124,154
124,155
124,156
124,157
124,158
124,159
124,160
124,161
124,162
124,163
124,164
124,165
124,166
124,167
124,168
124,169
124,170
124,171
124,172
124,173
124,174
124,175
124,176
124,177
124,178
124,179
124,180
124,181
124,182
124,183
124,184
124,185
124,186
124,187
124,188
124,189
124,190
124,191
124,192
124,193
124,194
124,195
124,196
124,197
124,198
124,199
124,200
124,201
124,202
124,203
124,204
124,205
124,206
124,207
124,208
124,209
124,210
124,211
124,212
124,213
124,214
124,215
124,216
124,217
124,218
124,219
124,220
124,221
124,222
124,223
124,224
124,225
124,226
124,227
124,228
124,229
124,230
124,231
124,232
124,233
124,234
124,235
124,236
124,237
124,238
124,239
124,240
124,241
124,242
124,243
124,244
124,245
124,246
124,247
124,248
124,249
124,250
124,251
124,252
124,253
124,254
124,255
124,256
124,257
124,258
124,259
124,260
124,261
124,262
124,263
124,264
124,265
124,266
124,267
124,268
124,269
124,270
124,271
124,272
124,273
124,274
124,275
124,276
124,277
124,278
124,279
124,280
124,281
124,282
124,283
124,284
124,285
124,286
124,287
124,288
124,289
124,290
124,291
124,292
124,293
124,294
124,295
124,296
124,297
124,298
124,299
125,118
125,119
125,120
125,121
125,122
125,123
125,124
125,127
125,128
125,131
125,132
125,133
125,134
125,135
125,136
125,155
125,157
125,162
125,163
125,164
125,165
125,166
125,167
125,168
125,170
125,171
125,203
125,204
125,210
125,211
125,212
125,213
125,214
125,215
125,216
125,250
125,252
125,253
125,254
125,256
125,257
125,258
125,259
125,260
125,262
125,281
125,282
125,290
125,291
125,292
125,293
125,294
125,295
125,296
125,297
125,298
125,299
126,118
126,119
126,120
126,121
126,122
126,123
126,124
126,162
126,163
126,164
126,165
126,166
126,167
126,210
126,211
126,212
126,213
126,214
126,257
126,258
126,259
126,260
126,291
126,292
126,293
126,294
126,295
126,296
126,297
126,298
126,299
127,118
127,119
127,120
127,121
127,122
127,123
127,124
127,162
127,163
127,164
127,165
127,166
127,167
127,210
127,211
127,212
127,213
127,214
127,257
127,258
127,259
127,260
127,291
127,292
127,293
127,294
127,295
127,296
127,297
127,298
127,299
128,120
128,165
128,212
128,213
128,258
128,291
128,292
128,293
128,294
128,295
128,296
128,297
128,298
128,299
129,120
129,165
129,212
129,213
129,258
129,291
129,292
129,293
129,294
129,295
129,296
129,297
129,298
129,299
130,120
130,165
130,212
130,213
130,258
130,291
130,292
130,293
130,294
130,295
130,296
130,297
130,298
130,299
131,120
131,165
131,212
131,213
131,258
131,291
131,292
131,293
131,294
131,295
131,296
131,297
131,298
131,299
132,120
132,165
132,212
132,213
132,258
132,291
132,292
132,293
132,294
132,295
132,296
132,297
132,298
132,299
133,120
133,165
133,212
133,213
133,258
133,291
133,292
133,293
133,294
133,295
133,296
133,297
133,298
133,299
134,120
134,165
134,212
134,213
134,258
134,291
134,292
134,293
134,294
134,295
134,296
134,297
134,298
134,299
135,120
135,165
135,212
135,213
135,258
135,291
135,292
135,293
135,294
135,295
135,296
135,297
135,298
135,299
136,120
136,165
136,212
136,213
136,258
136,291
136,292
136,293
136,294
136,295
136,296
136,297
136,298
136,299
137,120
137,165
137,212
137,213
137,258
137,291
137,292
137,293
137,294
137,295
137,296
137,297
137,298
137,299
138,120
138,165
138,212
138,213
138,258
138,291
138,292
138,293
138,294
138,295
138,296
138,297
138,298
138,299
139,120
139,165
139,212
139,213
139,258
139,291
139,292
139,293
139,294
139,295
139,296
139,297
139,298
139,299
140,120
140,165
140,212
140,213
140,258
140,291
140,292
140,293
140,294
140,295
140,296
140,297
140,298
140,299
141,120
141,165
141,212
141,213
141,258
141,291
141,292
141,293
141,294
141,295
141,296
141,297
141,298
141,299
142,120
142,165
142,212
142,213
142,258
142,291
142,292
142,293
142,294
142,295
142,296
142,297
142,298
142,299
143,120
143,165
143,212
143,213
143,258
143,291
143,292
143,293
143,294
143,295
143,296
143,297
143,298
143,299
144,120
144,165
144,212
144,213
144,258
144,291
144,292
144,293
144,294
144,295
144,296
144,297
144,298
144,299
145,120
145,165
145,212
145,213
145,258
145,291
145,292
145,293
145,294
145,295
145,296
145,297
145,298
145,299
146,120
146,165
146,212
146,213
146,258
146,291
146,292
146,293
146,294
146,295
146,296
146,297
146,298
146,299
147,120
147,165
147,212
147,213
147,258
148,120
148,165
148,212
148,213
148,258
149,120
149,165
149,212
149,213
149,258
150,120
150,165
150,212
150,213
150,258
151,120
151,165
151,212
151,213
151,258
152,120
152,165
152,212
152,213
152,258
153,120
153,165
153,212
153,213
153,258
154,120
154,165
154,212
154,213
154,258
155,120
155,165
155,212
155,213
155,258
156,120
156,165
156,212
156,213
156,258
157,120
157,165
157,212
157,213
157,258
158,120
158,165
158,212
158,213
158,258
159,120
159,165
159,212
159,213
159,258
160,120
160,165
160,212
160,213
160,258
161,120
161,165
161,212
161,213
161,258
162,120
162,165
162,212
162,213
162,258
163,120
163,165
163,212
163,213
163,258
164,120
164,165
164,212
164,213
164,258
165,120
165,165
165,212
165,213
165,258
166,120
166,163
166,164
166,165
166,166
166,212
166,213
166,258
167,118
167,119
167,120
167,121
167,122
167,123
167,124
167,162
167,163
167,164
167,165
167,166
167,167
167,210
167,211
167,212
167,213
167,214
167,257
167,258
167,259
167,260
168,118
168,119
168,120
168,121
168,122
168,123
168,124
168,162
168,163
168,164
168,165
168,166
168,167
168,210
168,211
168,212
168,213
168,214
168,257
168,258
168,259
168,260
169,118
169,119
169,120
169,121
169,122
169,123
169,124
169,125
169,126
169,127
169,128
169,129
169,130
169,131
169,132
169,133
169,134
169,135
169,136
169,137
169,138
169,139
169,140
169,141
169,142
169,143
169,144
169,145
169,146
169,147
169,148
169,149
169,150
169,151
169,152
169,153
169,154
169,155
169,156
169,157
169,158
169,159
169,160
169,161
169,162
169,163
169,164
169,165
169,166
169,167
169,168
169,169
169,170
169,171
169,172
169,173
169,174
169,175
169,176
169,177
169,178
169,179
169,180
169,181
169,182
169,183
169,184
169,185
169,186
169,187
169,188
169,189
169,190
169,191
169,192
169,193
169,194
169,195
169,196
169,197
169,198
169,199
169,200
169,201
169,202
169,203
169,204
169,205
169,206
169,207
169,208
169,209
169,210
169,211
169,212
169,213
169,214
169,215
169,216
169,217
169,218
169,219
169,220
169,221
169,222
169,223
169,224
169,225
169,226
169,227
169,228
169,229
169,230
169,231
169,232
169,233
169,234
169,235
169,236
169,237
169,238
169,239
169,240
169,241
169,242
169,243
169,244
169,245
169,246
169,247
169,248
169,249
169,250
169,251
169,252
169,253
169,254
169,255
169,256
169,257
169,258
169,259
169,260
170,118
170,119
170,120
170,121
170,122
170,123
170,124
170,125
170,126
170,127
170,128
170,129
170,130
170,131
170,132
170,133
170,134
170,135
170,136
170,137
170,138
170,139
170,140
170,141
170,142
170,143
170,144
170,145
170,146
170,147
170,148
170,149
170,150
170,151
170,152
170,153
170,154
170,155
170,156
170,157
170,158
170,159
170,160
170,161
170,162
170,163
170,164
170,165
170,166
170,167
170,168
170,169
170,170
170,171
170,172
170,173
170,174
170,175
170,176
170,177
170,178
170,179
170,180
170,181
170,182
170,183
170,184
170,185
170,186
170,187
170,188
170,189
170,190
170,191
170,192
170,193
170,194
170,195
170,196
170,197
170,198
170,199
170,200
170,201
170,202
170,203
170,204
170,205
170,206
170,207
170,208
170,209
170,210
170,211
170,212
170,213
170,214
170,215
170,216
170,217
170,218
170,219
170,220
170,221
170,222
170,223
170,224
170,225
170,226
170,227
170,228
170,229
170,230
170,231
170,232
170,233
170,234
170,235
170,236
170,237
170,238
170,239
170,240
170,241
170,242
170,243
170,244
170,245
170,246
170,247
170,248
170,249
170,250
170,251
170,252
170,253
170,254
170,255
170,256
170,257
170,258
170,259
170,260
171,118
171,119
171,120
171,121
171,122
171,123
171,124
171,162
171,163
171,164
171,165
171,166
171,167
171,210
171,211
171,212
171,213
171,214
171,257
171,258
171,259
171,260
172,118
172,119
172,120
172,121
172,122
172,123
172,124
172,162
172,163
172,164
172,165
172,166
172,167
172,210
172,211
172,212
172,213
172,214
172,257
172,258
172,259
172,260
173,120
173,163
173,165
173,166
173,212
173,213
173,258
174,120
174,165
174,212
174,213
174,258
175,120
175,165
175,212
175,213
175,258
176,120
176,165
176,212
176,213
176,258
177,120
177,165
177,212
177,213
177,258
178,120
178,165
178,212
178,213
178,258
179,120
179,165
179,212
179,213
179,258
180,120
180,165
180,212
180,213
180,258
181,120
181,165
181,212
181,213
181,258
182,120
182,165
182,212
182,213
182,258
183,120
183,165
183,212
183,213
183,258
184,120
184,165
184,212
184,213
184,258
185,120
185,165
185,212
185,213
185,258
186,120
186,165
186,212
186,213
186,258
187,120
187,165
187,212
187,213
187,258
188,120
188,165
188,212
188,213
188,258
189,120
189,165
189,212
189,213
189,258
190,120
190,165
190,212
190,213
190,258
191,120
191,165
191,212
191,213
191,258
192,120
192,165
192,212
192,213
192,258
193,120
193,165
193,212
193,213
193,258
194,120
194,165
194,212
194,213
194,258
195,120
195,165
195,212
195,213
195,258
196,120
196,165
196,212
196,213
196,258
197,120
197,165
197,212
197,213
197,258
198,120
198,165
198,212
198,213
198,258
199,120
199,165
199,212
199,213
199,258
200,120
200,165
200,212
200,213
200,258
201,120
201,165
201,212
201,213
201,258
202,120
202,165
202,212
202,213
202,258
203,120
203,165
203,212
203,213
203,258
204,120
204,165
204,212
204,213
204,258
205,120
205,165
205,212
205,213
205,258
206,120
206,165
206,212
206,213
206,258
207,120
207,165
207,212
207,213
207,258
208,120
208,165
208,212
208,213
208,258
209,120
209,165
209,212
209,213
209,258
210,120
210,165
210,212
210,213
210,258
211,120
211,165
211,212
211,213
211,258
212,120
212,165
212,212
212,213
212,258
213,120
213,165
213,166
213,212
213,213
213,258
214,118
214,119
214,120
214,121
214,122
214,123
214,124
214,162
214,163
214,164
214,165
214,166
214,167
214,210
214,211
214,212
214,213
214,214
214,257
214,258
214,259
214,260
215,118
215,119
215,120
215,121
215,122
215,123
215,124
215,162
215,163
215,164
215,165
215,166
215,167
215,210
215,211
215,212
215,213
215,214
215,257
215,258
215,259
215,260
216,118
216,119
216,120
216,121
216,122
216,123
216,124
216,125
216,126
216,127
216,128
216,129
216,130
216,131
216,132
216,133
216,134
216,135
216,136
216,137
216,138
216,139
216,140
216,141
216,142
216,143
216,144
216,145
216,146
216,147
216,148
216,149
216,150
216,151
216,152
216,153
216,154
216,155
216,156
216,157
216,158
216,159
216,160
216,161
216,162
216,163
216,164
216,165
216,166
216,167
216,168
216,169
216,170
216,171
216,172
216,173
216,174
216,175
216,176
216,177
216,178
216,179
216,180
216,181
216,182
216,183
216,184
216,185
216,186
216,187
216,188
216,189
216,190
216,191
216,192
216,193
216,194
216,195
216,196
216,197
216,198
216,199
216,200
216,201
216,202
216,203
216,204
216,205
216,206
216,207
216,208
216,209
216,210
216,211
216,212
216,213
216,214
216,215
216,216
216,217
216,218
216,219
216,220
216,221
216,222
216,223
216,224
216,225
216,226
216,227
216,228
216,229
216,230
216,231
216,232
216,233
216,234
216,235
216,236
216,237
216,238
216,239
216,240
216,241
216,242
216,243
216,244
216,245
216,246
216,247
216,248
216,249
216,250
216,251
216,252
216,253
216,254
216,255
216,256
216,257
216,258
216,259
216,260
217,118
217,119
217,120
217,121
217,122
217,123
217,124
217,125
217,126
217,127
217,128
217,129
217,130
217,131
217,132
217,133
217,134
217,135
217,136
217,137
217,138
217,139
217,140
217,141
217,142
217,143
217,144
217,145
217,146
217,147
217,148
217,149
217,150
217,151
217,152
217,153
217,154
217,155
217,156
217,157
217,158
217,159
217,160
217,161
217,162
217,163
217,164
217,165
217,166
217,167
217,168
217,169
217,170
217,171
217,172
217,173
217,174
217,175
217,176
217,177
217,178
217,179
217,180
217,181
217,182
217,183
217,184
217,185
217,186
217,187
217,188
217,189
217,190
217,191
217,192
217,193
217,194
217,195
217,196
217,197
217,198
217,199
217,200
217,201
217,202
217,203
217,204
217,205
217,206
217,207
217,208
217,209
217,210
217,211
217,212
217,213
217,214
217,215
217,216
217,217
217,218
217,219
217,220
217,221
217,222
217,223
217,224
217,225
217,226
217,227
217,228
217,229
217,230
217,231
217,232
217,233
217,234
217,235
217,236
217,237
217,238
217,239
217,240
217,241
217,242
217,243
217,244
217,245
217,246
217,247
217,248
217,249
217,250
217,251
217,252
217,253
217,254
217,255
217,256
217,257
217,258
217,259
217,260
218,118
218,119
218,120
218,121
218,122
218,123
218,124
218,162
218,163
218,164
218,165
218,166
218,167
218,210
218,211
218,212
218,213
218,214
218,257
218,258
218,259
218,260
219,118
219,119
219,120
219,121
219,122
219,123
219,124
219,162
219,163
219,164
219,165
219,166
219,167
219,210
219,211
219,212
219,213
219,214
219,257
219,258
219,259
219,260
220,118
220,119
220,120
220,121
220,122
220,123
220,124
220,162
220,163
220,164
220,165
220,166
220,167
220,210
220,211
220,212
220,213
220,257
220,258
220,259
220,260
221,118
221,119
221,120
221,121
221,122
221,123
221,124
221,162
221,163
221,164
221,165
221,166
221,167
221,210
221,211
221,212
221,213
221,214
221,257
221,258
221,259
221,260
222,212
222,213
223,212
223,213
224,212
224,213
225,212
225,213
226,212
226,213
227,212
227,213
228,212
228,213
229,212
229,213
230,212
230,213
231,212
231,213
232,212
232,213
233,212
233,213
234,212
234,213
235,212
235,213
236,212
236,213
237,212
237,213
238,212
238,213
239,212
239,213
240,212
240,213
241,212
241,213
242,212
242,213
243,212
243,213
244,212
244,213
245,212
245,213
246,212
246,213
247,212
247,213
248,212
248,213
249,212
249,213
250,212
250,213
251,212
251,213
252,212
252,213
253,212
253,213
254,212
254,213
255,212
255,213
256,212
256,213
257,212
257,213
258,212
258,213
259,212
259,213
260,212
260,213
261,212
261,213
262,212
262,213
263,212
263,213
264,212
264,213
265,212
265,213
266,212
266,213
267,212
267,213
268,212
268,213
269,212
269,213
270,212
270,213
271,212
271,213
272,212
272,213
273,212
273,213
274,212
274,213
275,212
275,213
276,212
276,213
277,212
277,213
278,212
278,213
279,212
279,213
280,212
280,213
281,212
281,213
282,212
282,213
283,212
283,213
284,212
284,213
285,118
285,119
285,120
285,121
285,122
285,123
285,124
285,162
285,163
285,164
285,165
285,166
285,167
285,210
285,211
285,212
285,213
285,214
285,257
285,258
285,259
285,260
285,300
285,301
285,302
285,303
285,304
286,118
286,119
286,120
286,121
286,122
286,123
286,124
286,162
286,163
286,164
286,165
286,166
286,167
286,210
286,211
286,212
286,213
286,214
286,257
286,258
286,259
286,260
286,300
286,301
286,302
286,303
286,304
287,118
287,119
287,120
287,121
287,122
287,123
287,124
287,125
287,126
287,127
287,128
287,129
287,130
287,131
287,132
287,133
287,134
287,135
287,136
287,137
287,138
287,139
287,140
287,141
287,142
287,143
287,144
287,145
287,146
287,147
287,148
287,149
287,150
287,151
287,152
287,153
287,154
287,155
287,156
287,157
287,158
287,159
287,160
287,161
287,162
287,163
287,164
287,165
287,166
287,167
287,168
287,169
287,170
287,171
287,172
287,173
287,174
287,175
287,176
287,177
287,178
287,179
287,180
287,181
287,182
287,183
287,184
287,185
287,186
287,187
287,188
287,189
287,190
287,191
287,192
287,193
287,194
287,195
287,196
287,197
287,198
287,199
287,200
287,201
287,202
287,203
287,204
287,205
287,206
287,207
287,208
287,209
287,210
287,211
287,212
287,213
287,214
287,215
287,216
287,217
287,218
287,219
287,220
287,221
287,222
287,223
287,224
287,225
287,226
287,227
287,228
287,229
287,230
287,231
287,232
287,233
287,234
287,235
287,236
287,237
287,238
287,239
287,240
287,241
287,242
287,243
287,244
287,245
287,246
287,247
287,248
287,249
287,250
287,251
287,252
287,253
287,254
287,255
287,256
287,257
287,258
287,259
287,260
287,261
287,262
287,263
287,264
287,265
287,266
287,267
287,268
287,269
287,270
287,271
287,272
287,273
287,274
287,275
287,276
287,277
287,278
287,279
287,280
287,281
287,282
287,283
287,284
287,285
287,286
287,287
287,288
287,289
287,290
287,291
287,292
287,293
287,294
287,295
287,296
287,297
287,298
287,299
287,300
287,301
287,302
287,303
287,304
288,118
288,119
288,120
288,121
288,122
288,123
288,124
288,125
288,126
288,127
288,128
288,129
288,130
288,131
288,132
288,133
288,134
288,135
288,136
288,137
288,138
288,139
288,140
288,141
288,142
288,143
288,144
288,145
288,146
288,147
288,148
288,149
288,150
288,151
288,152
288,153
288,154
288,155
288,156
288,157
288,158
288,159
288,160
288,161
288,162
288,163
288,164
288,165
288,166
288,167
288,168
288,169
288,170
288,171
288,172
288,173
288,174
288,175
288,176
288,177
288,178
288,179
288,180
288,181
288,182
288,183
288,184
288,185
288,186
288,187
288,188
288,189
288,190
288,191
288,192
288,193
288,194
288,195
288,196
288,197
288,198
288,199
288,200
288,201
288,202
288,203
288,204
288,205
288,206
288,207
288,208
288,209
288,210
288,211
288,212
288,213
288,214
288,215
288,216
288,217
288,218
288,219
288,220
288,221
288,222
288,223
288,224
288,225
288,226
288,227
288,228
288,229
288,230
288,231
288,232
288,233
288,234
288,235
288,236
288,237
288,238
288,239
288,240
288,241
288,242
288,243
288,244
288,245
288,246
288,247
288,248
288,249
288,250
288,251
288,252
288,253
288,254
288,255
288,256
288,257
288,258
288,259
288,260
288,261
288,262
288,263
288,264
288,265
288,266
288,267
288,268
288,269
288,270
288,271
288,272
288,273
288,274
288,275
288,276
288,277
288,278
288,279
288,280
288,281
288,282
288,283
288,284
288,285
288,286
288,287
288,288
288,289
288,290
288,291
288,292
288,293
288,294
288,295
288,296
288,297
288,298
288,299
288,300
288,301
288,302
288,303
288,304
289,118
289,119
289,120
289,121
289,122
289,123
289,124
289,162
289,163
289,164
289,165
289,166
289,167
289,210
289,211
289,212
289,213
289,214
289,257
289,258
289,259
289,260
289,300
289,301
289,302
289,303
289,304
290,118
290,119
290,120
290,121
290,122
290,123
290,124
290,162
290,163
290,164
290,165
290,166
290,167
290,210
290,211
290,212
290,213
290,214
290,257
290,258
290,259
290,260
290,300
290,301
290,302
290,303
290,304
291,118
291,120
291,121
291,162
291,163
291,164
291,165
291,166
291,211
291,212
291,213
291,258
291,300
291,301
291,302
292,120
292,165
292,212
292,213
292,258
292,301
292,302
293,120
293,165
293,212
293,213
293,258
293,301
293,302
294,120
294,165
294,212
294,213
294,258
294,301
294,302
295,120
295,165
295,212
295,213
295,258
295,301
295,302
296,120
296,165
296,212
296,213
296,258
296,301
296,302
297,120
297,165
297,212
297,213
297,258
297,301
297,302
298,120
298,165
298,212
298,213
298,258
298,301
298,302
299,120
299,165
299,212
299,213
299,258
299,301
299,302
300,120
300,165
300,212
300,213
300,258
300,301
300,302
301,120
301,165
301,212
301,213
301,258
301,301
301,302
302,120
302,165
302,212
302,213
302,258
302,301
302,302
303,120
303,165
303,212
303,213
303,258
303,301
303,302
304,120
304,165
304,212
304,213
304,258
304,301
304,302
305,120
305,165
305,212
305,213
305,258
305,301
305,302
306,120
306,165
306,212
306,213
306,258
306,301
306,302
307,120
307,165
307,212
307,213
307,258
307,301
307,302
308,120
308,165
308,212
308,213
308,258
308,301
308,302
309,120
309,165
309,212
309,213
309,258
309,301
309,302
310,120
310,165
310,212
310,213
310,258
310,301
310,302
311,120
311,165
311,212
311,213
311,258
311,301
311,302
312,120
312,165
312,212
312,213
312,258
312,301
312,302
313,120
313,165
313,212
313,213
313,258
313,301
313,302
314,120
314,165
314,212
314,213
314,258
314,301
314,302
315,120
315,165
315,212
315,213
315,258
315,301
315,302
316,120
316,165
316,212
316,213
316,258
316,301
316,302
317,120
317,165
317,212
317,213
317,258
317,301
317,302
318,120
318,165
318,212
318,213
318,258
318,301
318,302
319,120
319,165
319,212
319,213
319,258
319,301
319,302
320,120
320,165
320,212
320,213
320,258
320,301
320,302
321,120
321,165
321,212
321,213
321,258
321,301
321,302
322,120
322,165
322,212
322,213
322,258
322,301
322,302
323,120
323,165
323,212
323,213
323,258
323,301
323,302
324,120
324,165
324,212
324,213
324,258
324,301
324,302
325,120
325,165
325,212
325,213
325,258
325,301
325,302
326,120
326,165
326,212
326,213
326,258
326,301
326,302
327,120
327,165
327,212
327,213
327,258
327,301
327,302
328,120
328,165
328,212
328,213
328,258
328,301
328,302
329,120
329,165
329,212
329,213
329,258
329,301
329,302
330,120
330,165
330,212
330,213
330,258
330,301
330,302
331,120
331,165
331,212
331,213
331,258
331,301
331,302
332,120
332,165
332,212
332,213
332,258
332,301
332,302
333,118
333,119
333,120
333,121
333,122
333,123
333,124
333,162
333,163
333,164
333,165
333,166
333,167
333,210
333,211
333,212
333,213
333,214
333,257
333,258
333,259
333,260
333,300
333,301
333,302
333,303
333,304
334,118
334,119
334,120
334,121
334,122
334,123
334,124
334,162
334,163
334,164
334,165
334,166
334,167
334,210
334,211
334,212
334,213
334,214
334,257
334,258
334,259
334,260
334,300
334,301
334,302
334,303
334,304
335,118
335,119
335,120
335,121
335,122
335,123
335,124
335,127
335,128
335,129
335,130
335,131
335,132
335,133
335,134
335,135
335,136
335,137
335,138
335,139
335,140
335,141
335,142
335,143
335,144
335,145
335,146
335,147
335,148
335,149
335,150
335,151
335,152
335,153
335,154
335,155
335,156
335,157
335,159
335,160
335,161
335,162
335,163
335,164
335,165
335,166
335,167
335,170
335,171
335,174
335,175
335,176
335,177
335,178
335,179
335,180
335,181
335,182
335,183
335,184
335,185
335,186
335,187
335,188
335,189
335,190
335,191
335,192
335,193
335,194
335,195
335,196
335,197
335,198
335,199
335,200
335,202
335,203
335,204
335,205
335,210
335,211
335,212
335,213
335,214
335,215
335,216
335,217
335,218
335,219
335,220
335,221
335,222
335,223
335,224
335,225
335,226
335,227
335,228
335,229
335,230
335,231
335,232
335,233
335,234
335,235
335,236
335,237
335,238
335,239
335,240
335,241
335,242
335,243
335,244
335,245
335,246
335,247
335,248
335,249
335,251
335,252
335,253
335,256
335,257
335,258
335,259
335,260
335,265
335,266
335,267
335,268
335,269
335,270
335,271
335,272
335,273
335,274
335,275
335,276
335,277
335,278
335,279
335,280
335,281
335,282
335,283
335,284
335,285
335,286
335,287
335,288
335,289
335,290
335,291
335,292
335,293
335,294
335,295
335,296
335,297
335,299
335,300
335,301
335,302
335,303
336,118
336,119
336,120
336,121
336,122
336,123
336,124
336,125
336,126
336,127
336,128
336,129
336,130
336,131
336,132
336,133
336,134
336,135
336,136
336,137
336,138
336,139
336,140
336,141
336,142
336,143
336,144
336,145
336,146
336,147
336,148
336,149
336,150
336,151
336,152
336,153
336,154
336,155
336,156
336,157
336,158
336,159
336,160
336,161
336,162
336,163
336,164
336,165
336,166
336,167
336,168
336,169
336,170
336,171
336,172
336,173
336,174
336,175
336,176
336,177
336,178
336,179
336,180
336,181
336,182
336,183
336,184
336,185
336,186
336,187
336,188
336,189
336,190
336,191
336,192
336,193
336,194
336,195
336,196
336,197
336,198
336,199
336,200
336,201
336,202
336,203
336,204
336,205
336,206
336,207
336,208
336,209
336,210
336,211
336,212
336,213
336,214
336,215
336,216
336,217
336,218
336,219
336,220
336,221
336,222
336,223
336,224
336,225
336,226
336,227
336,228
336,229
336,230
336,231
336,232
336,233
336,234
336,235
336,236
336,237
336,238
336,239
336,240
336,241
336,242
336,243
336,244
336,245
336,246
336,247
336,248
336,249
336,250
336,251
336,252
336,253
336,254
336,255
336,256
336,257
336,258
336,259
336,260
336,261
336,262
336,263
336,264
336,265
336,266
336,267
336,268
336,269
336,270
336,271
336,272
336,273
336,274
336,275
336,276
336,277
336,278
336,279
336,280
336,281
336,282
336,283
336,284
336,285
336,286
336,287
336,288
336,289
336,290
336,291
336,292
336,293
336,294
336,295
336,296
336,297
336,298
336,299
336,300
336,301
336,302
336,303
336,304
337,118
337,119
337,120
337,121
337,122
337,123
337,124
337,162
337,163
337,164
337,165
337,166
337,167
337,210
337,211
337,212
337,213
337,214
337,257
337,258
337,259
337,260
337,300
337,301
337,302
337,303
338,118
338,119
338,120
338,121
338,122
338,123
338,124
338,162
338,163
338,164
338,165
338,166
338,167
338,210
338,211
338,212
338,213
338,214
338,257
338,258
338,259
338,260
338,300
338,301
338,302
338,303
338,304
339,118
339,119
339,120
339,121
339,122
339,123
339,124
339,162
339,163
339,164
339,165
339,166
339,167
339,210
339,211
339,212
339,213
339,214
339,257
339,258
339,259
339,260
339,300
339,301
339,302
339,303
339,304
340,120
340,165
340,212
340,213
340,258
340,301
340,302
341,120
341,165
341,212
341,213
341,258
341,301
341,302
342,120
342,165
342,212
342,213
342,258
342,301
342,302
343,120
343,165
343,212
343,213
343,258
343,301
343,302
344,120
344,165
344,212
344,213
344,258
344,301
344,302
345,120
345,165
345,212
345,213
345,258
345,301
345,302
346,120
346,165
346,212
346,213
346,258
346,301
346,302
347,120
347,165
347,212
347,213
347,258
347,301
347,302
348,120
348,165
348,212
348,213
348,258
348,301
348,302
349,120
349,165
349,212
349,213
349,258
349,301
349,302
350,120
350,165
350,212
350,213
350,258
350,301
350,302
351,120
351,165
351,212
351,213
351,258
351,301
351,302
352,120
352,165
352,212
352,213
352,258
352,301
352,302
353,120
353,165
353,212
353,213
353,258
353,301
353,302
354,120
354,165
354,212
354,213
354,258
354,301
354,302
355,120
355,165
355,212
355,213
355,258
355,301
355,302
356,120
356,165
356,212
356,213
356,258
356,301
356,302
357,120
357,165
357,212
357,213
357,258
357,301
357,302
358,120
358,165
358,212
358,213
358,258
358,301
358,302
359,120
359,165
359,212
359,213
359,258
359,301
359,302
360,120
360,165
360,212
360,213
360,258
360,301
360,302
361,120
361,165
361,212
361,213
361,258
361,301
361,302
362,120
362,165
362,212
362,213
362,258
362,301
362,302
363,120
363,165
363,212
363,213
363,258
363,301
363,302
364,120
364,165
364,212
364,213
364,258
364,301
364,302
365,120
365,165
365,212
365,213
365,258
365,301
365,302
366,120
366,165
366,212
366,213
366,258
366,301
366,302
367,120
367,165
367,212
367,213
367,258
367,301
367,302
368,120
368,165
368,212
368,213
368,258
368,301
368,302
369,120
369,165
369,212
369,213
369,258
369,301
369,302
370,120
370,165
370,212
370,213
370,258
370,301
370,302
371,120
371,165
371,212
371,213
371,258
371,301
371,302
372,120
372,165
372,212
372,213
372,258
372,301
372,302
373,120
373,165
373,212
373,213
373,258
373,301
373,302
374,120
374,165
374,212
374,213
374,258
374,301
374,302
375,120
375,165
375,212
375,213
375,258
375,301
375,302
376,120
376,165
376,212
376,213
376,258
376,301
376,302
377,120
377,165
377,212
377,213
377,258
377,301
377,302
378,120
378,165
378,212
378,213
378,258
378,301
378,302
379,120
379,165
379,212
379,213
379,258
379,301
379,302
380,118
380,119
380,120
380,121
380,122
380,123
380,124
380,162
380,163
380,164
380,165
380,166
380,167
380,210
380,211
380,212
380,213
380,214
380,257
380,258
380,259
380,260
380,300
380,301
380,302
380,303
380,304
381,118
381,119
381,120
381,121
381,122
381,123
381,124
381,162
381,163
381,164
381,165
381,166
381,167
381,210
381,211
381,212
381,213
381,214
381,257
381,258
381,259
381,260
381,300
381,301
381,302
381,303
381,304
382,118
382,119
382,120
382,121
382,122
382,123
382,124
382,162
382,163
382,164
382,165
382,166
382,167
382,210
382,211
382,212
382,213
382,214
382,257
382,258
382,259
382,260
382,300
382,301
382,302
382,303
383,118
383,119
383,120
383,121
383,122
383,123
383,124
383,125
383,126
383,127
383,128
383,129
383,130
383,131
383,132
383,133
383,134
383,135
383,136
383,137
383,138
383,139
383,140
383,141
383,142
383,143
383,144
383,145
383,146
383,147
383,148
383,149
383,150
383,151
383,152
383,153
383,154
383,155
383,156
383,157
383,158
383,159
383,160
383,161
383,162
383,163
383,164
383,165
383,166
383,167
383,168
383,169
383,170
383,171
383,172
383,173
383,174
383,175
383,176
383,177
383,178
383,179
383,180
383,181
383,182
383,183
383,184
383,185
383,186
383,187
383,188
383,189
383,190
383,191
383,192
383,193
383,194
383,195
383,196
383,197
383,198
383,199
383,200
383,201
383,202
383,203
383,204
383,205
383,206
383,207
383,208
383,209
383,210
383,211
383,212
383,213
383,214
383,215
383,216
383,217
383,218
383,219
383,220
383,221
383,222
383,223
383,224
383,225
383,226
383,227
383,228
383,229
383,230
383,231
383,232
383,233
383,234
383,235
383,236
383,237
383,238
383,239
383,240
383,241
383,242
383,243
383,244
383,245
383,246
383,247
383,248
383,249
383,250
383,251
383,252
383,253
383,254
383,255
383,256
383,257
383,258
383,259
383,260
383,261
383,262
383,263
383,264
383,265
383,266
383,267
383,268
383,269
383,270
383,271
383,272
383,273
383,274
383,275
383,276
383,277
383,278
383,279
383,280
383,281
383,282
383,283
383,284
383,285
383,286
383,287
383,288
383,289
383,290
383,291
383,292
383,293
383,294
383,295
383,296
383,297
383,298
383,299
383,300
383,301
383,302
383,303
383,304
384,118
384,119
384,120
384,121
384,122
384,123
384,124
384,162
384,163
384,164
384,165
384,166
384,167
384,210
384,211
384,212
384,213
384,214
384,215
384,256
384,257
384,258
384,259
384,260
384,300
384,301
384,302
384,303
384,304
385,118
385,119
385,120
385,121
385,122
385,123
385,124
385,162
385,163
385,164
385,165
385,166
385,167
385,210
385,211
385,212
385,213
385,214
385,257
385,258
385,259
385,260
385,300
385,301
385,302
385,303
385,304
386,118
386,119
386,120
386,121
386,122
386,123
386,124
386,162
386,163
386,164
386,165
386,166
386,167
386,210
386,211
386,212
386,213
386,214
386,257
386,258
386,259
386,260
386,300
386,301
386,302
386,303
386,304
387,120
387,165
387,212
387,213
387,258
387,301
387,302
388,120
388,165
388,212
388,213
388,258
388,301
388,302
389,120
389,165
389,212
389,213
389,258
389,301
389,302
390,120
390,165
390,212
390,213
390,258
390,301
390,302
391,120
391,165
391,212
391,213
391,258
391,301
391,302
392,120
392,165
392,212
392,213
392,258
392,301
392,302
393,120
393,165
393,212
393,213
393,258
393,301
393,302
394,120
394,165
394,212
394,213
394,258
394,301
394,302
395,120
395,165
395,212
395,213
395,258
395,301
395,302
396,120
396,165
396,212
396,213
396,258
396,301
396,302
397,120
397,165
397,212
397,213
397,258
397,301
397,302
398,120
398,165
398,212
398,213
398,258
398,301
398,302
399,120
399,165
399,212
399,213
399,258
399,301
399,302
400,120
400,165
400,212
400,213
400,258
400,301
400,302
401,120
401,165
401,212
401,213
401,258
401,301
401,302
402,120
402,165
402,212
402,213
402,258
402,301
402,302
403,120
403,165
403,212
403,213
403,258
403,301
403,302
404,120
404,165
404,212
404,213
404,258
404,301
404,302
405,120
405,165
405,212
405,213
405,258
405,301
405,302
406,120
406,165
406,212
406,213
406,258
406,301
406,302
407,120
407,165
407,212
407,213
407,258
407,301
407,302
408,120
408,165
408,212
408,213
408,258
408,301
408,302
409,120
409,165
409,212
409,213
409,258
409,301
409,302
410,120
410,165
410,212
410,213
410,258
410,301
410,302
411,120
411,165
411,212
411,213
411,258
411,301
411,302
412,120
412,165
412,212
412,213
412,258
412,301
412,302
413,120
413,165
413,212
413,213
413,258
413,301
413,302
414,120
414,165
414,212
414,213
414,258
414,301
414,302
415,120
415,165
415,212
415,213
415,258
415,301
415,302
416,120
416,165
416,212
416,213
416,258
416,301
416,302
417,120
417,165
417,212
417,213
417,258
417,301
417,302
418,120
418,165
418,212
418,213
418,258
418,301
418,302
419,120
419,165
419,212
419,213
419,258
419,301
419,302
420,120
420,165
420,212
420,213
420,258
420,301
420,302
421,120
421,165
421,212
421,213
421,258
421,301
421,302
422,120
422,165
422,212
422,213
422,258
422,301
422,302
423,120
423,165
423,212
423,213
423,258
423,301
423,302
424,120
424,165
424,212
424,213
424,258
424,301
424,302
425,120
425,165
425,212
425,213
425,258
425,301
425,302
426,120
426,165
426,212
426,213
426,258
426,301
426,302
427,120
427,121
427,122
427,162
427,163
427,164
427,165
427,166
427,211
427,212
427,213
427,258
427,301
427,302
428,118
428,119
428,120
428,121
428,122
428,123
428,124
428,162
428,163
428,164
428,165
428,166
428,167
428,210
428,211
428,212
428,213
428,214
428,257
428,258
428,259
428,260
428,300
428,301
428,302
428,303
429,118
429,119
429,120
429,121
429,122
429,123
429,124
429,162
429,163
429,164
429,165
429,166
429,167
429,210
429,211
429,212
429,213
429,214
429,257
429,258
429,259
429,260
429,300
429,301
429,302
429,303
430,118
430,119
430,120
430,121
430,122
430,123
430,124
430,125
430,126
430,127
430,128
430,129
430,130
430,131
430,132
430,133
430,134
430,135
430,136
430,137
430,138
430,139
430,140
430,141
430,142
430,143
430,144
430,145
430,146
430,147
430,148
430,149
430,150
430,151
430,152
430,153
430,154
430,155
430,156
430,157
430,158
430,159
430,160
430,161
430,162
430,163
430,164
430,165
430,166
430,167
430,168
430,169
430,170
430,171
430,172
430,173
430,174
430,175
430,176
430,177
430,178
430,179
430,180
430,181
430,182
430,183
430,184
430,185
430,186
430,187
430,188
430,189
430,190
430,191
430,192
430,193
430,194
430,195
430,196
430,197
430,198
430,199
430,200
430,201
430,202
430,203
430,204
430,205
430,206
430,207
430,208
430,209
430,210
430,211
430,212
430,213
430,214
430,215
430,216
430,217
430,218
430,219
430,220
430,221
430,222
430,223
430,224
430,225
430,226
430,227
430,228
430,229
430,230
430,231
430,232
430,233
430,234
430,235
430,236
430,237
430,238
430,239
430,240
430,241
430,242
430,243
430,244
430,245
430,246
430,247
430,248
430,249
430,250
430,251
430,252
430,253
430,254
430,255
430,256
430,257
430,258
430,259
430,260
430,261
430,262
430,263
430,264
430,265
430,266
430,267
430,268
430,269
430,270
430,271
430,272
430,273
430,274
430,275
430,276
430,277
430,278
430,279
430,280
430,281
430,282
430,283
430,284
430,285
430,286
430,287
430,288
430,289
430,290
430,291
430,292
430,293
430,294
430,295
430,296
430,297
430,298
430,299
430,300
430,301
430,302
430,303
431,118
431,119
431,120
431,121
431,122
431,123
431,124
431,162
431,163
431,164
431,165
431,166
431,167
431,210
431,211
431,212
431,213
431,214
431,257
431,258
431,259
431,260
431,300
431,301
431,302
431,303
432,118
432,119
432,120
432,121
432,122
432,123
432,124
432,162
432,163
432,164
432,165
432,166
432,167
432,210
432,211
432,212
432,213
432,214
432,257
432,258
432,259
432,260
432,300
432,301
432,302
432,303
433,118
433,119
433,120
433,121
433,122
433,123
433,124
433,162
433,163
433,164
433,165
433,166
433,167
433,210
433,211
433,212
433,213
433,214
433,257
433,258
433,259
433,260
433,300
433,301
433,302
433,303
434,120
434,165
434,166
434,212
434,213
434,258
434,301
434,302
435,120
435,165
435,212
435,213
435,258
435,301
435,302
436,120
436,165
436,212
436,213
436,258
436,301
436,302
437,120
437,165
437,212
437,213
437,258
437,301
437,302
438,120
438,165
438,212
438,213
438,258
438,301
438,302
439,120
439,165
439,212
439,213
439,258
439,301
439,302
440,120
440,165
440,212
440,213
440,258
440,301
440,302
441,120
441,165
441,212
441,213
441,258
441,301
441,302
442,120
442,165
442,212
442,213
442,258
442,301
442,302
443,120
443,165
443,212
443,213
443,258
443,301
443,302
444,120
444,165
444,212
444,213
444,258
444,301
444,302
445,120
445,165
445,212
445,213
445,258
445,301
445,302
446,120
446,165
446,212
446,213
446,258
446,301
446,302
447,120
447,165
447,212
447,213
447,258
447,301
447,302
448,120
448,165
448,212
448,213
448,258
448,301
448,302
449,120
449,165
449,212
449,213
449,258
449,301
449,302
450,120
450,165
450,212
450,213
450,258
450,301
450,302
451,120
451,165
451,212
451,213
451,258
451,301
451,302
452,120
452,165
452,212
452,213
452,258
452,301
452,302
453,120
453,165
453,212
453,213
453,258
453,301
453,302
454,120
454,165
454,212
454,213
454,258
454,301
454,302
455,120
455,165
455,212
455,213
455,258
455,301
455,302
456,120
456,165
456,212
456,213
456,258
456,301
456,302
457,120
457,165
457,212
457,213
457,258
457,301
457,302
458,120
458,165
458,212
458,213
458,258
458,301
458,302
459,120
459,165
459,212
459,213
459,258
459,301
459,302
460,120
460,165
460,212
460,213
460,258
460,301
460,302
461,120
461,165
461,212
461,213
461,258
461,301
461,302
462,120
462,165
462,212
462,213
462,258
462,301
462,302
463,120
463,165
463,212
463,213
463,258
463,301
463,302
464,120
464,165
464,212
464,213
464,258
464,301
464,302
465,120
465,165
465,212
465,213
465,258
465,301
465,302
466,120
466,165
466,212
466,213
466,258
466,301
466,302
467,120
467,165
467,212
467,213
467,258
467,301
467,302
468,120
468,165
468,212
468,213
468,258
468,301
468,302
469,120
469,165
469,212
469,213
469,258
469,301
469,302
470,120
470,165
470,212
470,213
470,258
470,301
470,302
471,120
471,165
471,212
471,213
471,258
471,301
471,302
472,120
472,165
472,166
472,212
472,213
472,258
472,301
472,302
473,118
473,119
473,120
473,121
473,122
473,123
473,124
473,162
473,163
473,164
473,165
473,166
473,167
473,210
473,211
473,212
473,213
473,214
473,257
473,258
473,259
473,260
473,300
473,301
473,302
473,303
474,118
474,119
474,120
474,121
474,122
474,123
474,124
474,162
474,163
474,164
474,165
474,166
474,167
474,210
474,211
474,212
474,213
474,214
474,257
474,258
474,259
474,260
474,300
474,301
474,302
474,303
475,118
475,119
475,120
475,121
475,122
475,123
475,124
475,125
475,126
475,127
475,128
475,129
475,130
475,131
475,132
475,133
475,134
475,135
475,136
475,137
475,138
475,139
475,140
475,141
475,142
475,143
475,144
475,145
475,146
475,147
475,148
475,149
475,150
475,151
475,152
475,153
475,154
475,155
475,156
475,157
475,158
475,159
475,160
475,161
475,162
475,163
475,164
475,165
475,166
475,167
475,168
475,169
475,170
475,171
475,172
475,173
475,174
475,175
475,176
475,177
475,178
475,179
475,180
475,181
475,182
475,183
475,184
475,185
475,186
475,187
475,188
475,189
475,190
475,191
475,192
475,193
475,194
475,195
475,196
475,197
475,198
475,199
475,200
475,201
475,202
475,203
475,204
475,205
475,206
475,207
475,208
475,209
475,210
475,211
475,212
475,213
475,214
475,215
475,216
475,217
475,218
475,219
475,220
475,221
475,222
475,223
475,224
475,225
475,226
475,227
475,228
475,229
475,230
475,231
475,232
475,233
475,234
475,235
475,236
475,237
475,238
475,239
475,240
475,241
475,242
475,243
475,244
475,245
475,246
475,247
475,248
475,249
475,250
475,251
475,252
475,253
475,254
475,255
475,256
475,257
475,258
475,259
475,260
475,261
475,262
475,263
475,264
475,265
475,266
475,267
475,268
475,269
475,270
475,271
475,272
475,273
475,274
475,275
475,276
475,277
475,278
475,279
475,280
475,281
475,282
475,283
475,284
475,285
475,286
475,287
475,288
475,289
475,290
475,291
475,292
475,293
475,294
475,295
475,296
475,297
475,298
475,299
475,300
475,301
475,302
475,303
476,118
476,119
476,120
476,121
476,122
476,123
476,124
476,125
476,126
476,127
476,128
476,129
476,130
476,131
476,132
476,133
476,134
476,135
476,136
476,137
476,138
476,139
476,140
476,141
476,142
476,143
476,144
476,145
476,146
476,147
476,148
476,149
476,150
476,151
476,152
476,153
476,154
476,155
476,156
476,157
476,158
476,159
476,160
476,161
476,162
476,163
476,164
476,165
476,166
476,167
476,168
476,169
476,170
476,171
476,172
476,173
476,174
476,175
476,176
476,177
476,178
476,179
476,180
476,181
476,182
476,183
476,184
476,185
476,186
476,187
476,188
476,189
476,190
476,191
476,192
476,193
476,194
476,195
476,196
476,197
476,198
476,199
476,200
476,201
476,202
476,203
476,204
476,205
476,206
476,207
476,208
476,209
476,210
476,211
476,212
476,213
476,214
476,215
476,216
476,217
476,218
476,219
476,220
476,221
476,222
476,223
476,224
476,225
476,226
476,227
476,228
476,229
476,230
476,231
476,232
476,233
476,234
476,235
476,236
476,237
476,238
476,239
476,240
476,241
476,242
476,243
476,244
476,245
476,246
476,247
476,248
476,249
476,250
476,251
476,252
476,253
476,254
476,255
476,256
476,257
476,258
476,259
476,260
476,261
476,262
476,263
476,264
476,265
476,266
476,267
476,268
476,269
476,270
476,271
476,272
476,273
476,274
476,275
476,276
476,277
476,278
476,279
476,280
476,281
476,282
476,283
476,284
476,285
476,286
476,287
476,288
476,289
476,290
476,291
476,292
476,293
476,294
476,295
476,296
476,297
476,298
476,299
476,300
476,301
476,302
476,303
477,118
477,119
477,120
477,121
477,122
477,123
477,124
477,162
477,163
477,164
477,165
477,166
477,167
477,210
477,211
477,212
477,213
477,214
477,257
477,258
477,259
477,260
477,300
477,301
477,302
477,303
478,118
478,119
478,120
478,121
478,122
478,123
478,124
478,162
478,163
478,164
478,165
478,166
478,167
478,210
478,211
478,212
478,213
478,214
478,257
478,258
478,259
478,260
478,300
478,301
478,302
478,303
479,118
479,120
479,122
479,124
479,162
479,163
479,164
479,165
479,166
479,212
479,213
479,258
479,260
479,300
479,301
479,302
480,120
480,165
480,212
480,213
480,258
480,301
480,302
481,120
481,165
481,212
481,213
481,258
481,301
481,302
482,120
482,165
482,212
482,213
482,258
482,301
482,302
483,120
483,165
483,212
483,213
483,258
483,301
483,302
484,120
484,165
484,212
484,213
484,258
484,301
484,302
485,120
485,165
485,212
485,213
485,258
485,301
485,302
486,120
486,165
486,212
486,213
486,258
486,301
486,302
487,120
487,165
487,212
487,213
487,258
487,301
487,302
488,120
488,165
488,212
488,213
488,258
488,301
488,302
489,120
489,165
489,212
489,213
489,258
489,301
489,302
490,120
490,165
490,212
490,213
490,258
490,301
490,302
491,120
491,165
491,212
491,213
491,258
491,301
491,302
492,120
492,165
492,212
492,213
492,258
492,301
492,302
493,120
493,165
493,212
493,213
493,258
493,301
493,302
494,120
494,165
494,212
494,213
494,258
494,301
494,302
495,120
495,165
495,212
495,213
495,258
495,301
495,302
496,120
496,165
496,212
496,213
496,258
496,301
496,302
497,120
497,165
497,212
497,213
497,258
497,301
497,302
498,120
498,165
498,212
498,213
498,258
498,301
498,302
499,120
499,165
499,212
499,213
499,258
499,301
499,302
500,120
500,165
500,212
500,213
500,258
500,301
500,302
501,120
501,165
501,212
501,213
501,258
501,301
501,302
502,120
502,165
502,212
502,213
502,258
502,301
502,302
503,120
503,165
503,212
503,213
503,258
503,301
503,302
504,120
504,165
504,212
504,213
504,258
504,301
504,302
505,120
505,165
505,212
505,213
505,258
505,301
505,302
506,120
506,165
506,212
506,213
506,258
506,301
506,302
507,120
507,165
507,212
507,213
507,258
507,301
507,302
508,120
508,165
508,212
508,213
508,258
508,301
508,302
509,120
509,165
509,212
509,213
509,258
509,301
509,302
510,120
510,165
510,212
510,213
510,258
510,301
510,302
511,120
511,165
511,212
511,213
511,258
511,301
511,302
512,120
512,165
512,212
512,213
512,258
512,301
512,302
513,120
513,165
513,212
513,213
513,258
513,301
513,302
514,120
514,165
514,212
514,213
514,258
514,301
514,302
515,120
515,165
515,212
515,213
515,258
515,301
515,302
516,120
516,165
516,212
516,213
516,258
516,301
516,302
517,120
517,165
517,212
517,213
517,258
517,301
517,302
518,120
518,165
518,212
518,213
518,258
518,301
518,302
519,120
519,165
519,212
519,213
519,258
519,301
519,302
520,120
520,165
520,212
520,213
520,258
520,301
520,302
521,120
521,165
521,212
521,213
521,258
521,301
521,302
522,118
522,119
522,120
522,121
522,122
522,123
522,124
522,162
522,163
522,164
522,165
522,166
522,167
522,210
522,211
522,212
522,213
522,214
522,257
522,258
522,259
522,260
522,300
522,301
522,302
522,303
523,118
523,119
523,120
523,121
523,122
523,123
523,124
523,162
523,163
523,164
523,165
523,166
523,167
523,210
523,211
523,212
523,213
523,214
523,257
523,258
523,259
523,260
523,300
523,301
523,302
523,303
524,118
524,119
524,120
524,121
524,122
524,123
524,124
524,162
524,163
524,164
524,165
524,166
524,167
524,210
524,211
524,212
524,213
524,214
524,256
524,257
524,258
524,259
524,260
524,299
524,300
524,301
524,302
524,303
525,118
525,119
525,120
525,121
525,122
525,123
525,124
525,125
525,126
525,127
525,128
525,129
525,130
525,131
525,132
525,133
525,134
525,135
525,136
525,137
525,138
525,139
525,140
525,141
525,142
525,143
525,144
525,145
525,146
525,147
525,148
525,149
525,150
525,151
525,152
525,153
525,154
525,155
525,156
525,157
525,158
525,159
525,160
525,161
525,162
525,163
525,164
525,165
525,166
525,167
525,168
525,169
525,170
525,171
525,172
525,173
525,174
525,175
525,176
525,177
525,178
525,179
525,180
525,181
525,182
525,183
525,184
525,185
525,186
525,187
525,188
525,189
525,190
525,191
525,192
525,193
525,194
525,195
525,196
525,197
525,198
525,199
525,200
525,201
525,202
525,203
525,204
525,205
525,206
525,207
525,208
525,209
525,210
525,211
525,212
525,213
525,214
525,215
525,216
525,217
525,218
525,219
525,220
525,221
525,222
525,223
525,224
525,225
525,226
525,227
525,228
525,229
525,230
525,231
525,232
525,233
525,234
525,235
525,236
525,237
525,238
525,239
525,240
525,241
525,242
525,243
525,244
525,245
525,246
525,247
525,248
525,249
525,250
525,251
525,252
525,253
525,254
525,255
525,256
525,257
525,258
525,259
525,260
525,261
525,262
525,263
525,264
525,265
525,266
525,267
525,268
525,269
525,270
525,271
525,272
525,273
525,274
525,275
525,276
525,277
525,278
525,279
525,280
525,281
525,282
525,283
525,284
525,285
525,286
525,287
525,288
525,289
525,290
525,291
525,292
525,293
525,294
525,295
525,296
525,297
525,298
525,299
525,300
525,301
525,302
525,303
526,118
526,119
526,120
526,121
526,122
526,123
526,124
526,162
526,163
526,164
526,165
526,166
526,167
526,210
526,211
526,212
526,213
526,214
526,256
526,257
526,258
526,259
526,260
526,300
526,301
526,302
526,303
527,118
527,119
527,120
527,121
527,122
527,123
527,124
527,162
527,163
527,164
527,165
527,166
527,167
527,210
527,211
527,212
527,213
527,214
527,257
527,258
527,259
527,260
527,300
527,301
527,302
527,303
528,120
528,165
528,212
528,213
528,258
528,301
528,302
529,120
529,165
529,212
529,213
529,258
529,301
529,302
530,120
530,165
530,212
530,213
530,258
530,301
530,302
531,120
531,165
531,212
531,213
531,258
531,301
531,302
532,120
532,165
532,212
532,213
532,258
532,301
532,302
533,120
533,165
533,212
533,213
533,258
533,301
533,302
534,120
534,165
534,212
534,213
534,258
534,301
534,302
535,120
535,165
535,212
535,213
535,258
535,301
535,302
536,120
536,165
536,212
536,213
536,258
536,301
536,302
537,120
537,165
537,212
537,213
537,258
537,301
537,302
538,120
538,165
538,212
538,213
538,258
538,301
538,302
539,120
539,165
539,212
539,213
539,258
539,301
539,302
540,120
540,165
540,212
540,213
540,258
540,301
540,302
541,120
541,165
541,212
541,213
541,258
541,301
541,302
542,120
542,165
542,212
542,213
542,258
542,301
542,302
543,120
543,165
543,212
543,213
543,258
543,301
543,302
544,120
544,165
544,212
544,213
544,258
544,301
544,302
545,120
545,165
545,212
545,213
545,258
545,301
545,302
546,120
546,165
546,212
546,213
546,258
546,301
546,302
547,120
547,165
547,212
547,213
547,258
547,301
547,302
548,120
548,165
548,212
548,213
548,258
548,301
548,302
549,120
549,165
549,212
549,213
549,258
549,301
549,302
550,120
550,165
550,212
550,213
550,258
550,301
550,302
551,120
551,165
551,212
551,213
551,258
551,301
551,302
552,120
552,165
552,212
552,213
552,258
552,301
552,302
553,120
553,165
553,212
553,213
553,258
553,301
553,302
554,120
554,165
554,212
554,213
554,258
554,301
554,302
555,120
555,165
555,212
555,213
555,258
555,301
555,302
556,120
556,165
556,212
556,213
556,258
556,301
556,302
557,120
557,165
557,212
557,213
557,258
557,301
557,302
558,120
558,165
558,212
558,213
558,258
558,301
558,302
559,120
559,165
559,212
559,213
559,258
559,301
559,302
560,120
560,165
560,212
560,213
560,258
560,301
560,302
561,120
561,165
561,212
561,213
561,258
561,301
561,302
562,120
562,165
562,212
562,213
562,258
562,301
562,302
563,120
563,165
563,212
563,213
563,258
563,301
563,302
564,120
564,165
564,212
564,213
564,258
564,301
564,302
565,120
565,165
565,212
565,213
565,258
565,301
565,302
566,120
566,165
566,212
566,213
566,258
566,301
566,302
567,120
567,165
567,212
567,213
567,258
567,301
567,302
568,118
568,119
568,120
568,121
568,122
568,123
568,124
568,162
568,163
568,164
568,165
568,166
568,167
568,210
568,211
568,212
568,213
568,214
568,257
568,258
568,259
568,260
568,300
568,301
568,302
568,303
568,304
569,118
569,119
569,120
569,121
569,122
569,123
569,124
569,162
569,163
569,164
569,165
569,166
569,167
569,210
569,211
569,212
569,213
569,214
569,257
569,258
569,259
569,260
569,300
569,301
569,302
569,303
570,118
570,119
570,120
570,121
570,122
570,123
570,124
570,162
570,163
570,164
570,165
570,166
570,167
570,210
570,211
570,212
570,213
570,214
570,257
570,258
570,259
570,260
570,300
570,301
570,302
570,303
571,118
571,119
571,120
571,121
571,122
571,123
571,124
571,125
571,126
571,127
571,128
571,129
571,130
571,131
571,132
571,133
571,134
571,135
571,136
571,137
571,138
571,139
571,140
571,141
571,142
571,143
571,144
571,145
571,146
571,147
571,148
571,149
571,150
571,151
571,152
571,153
571,154
571,155
571,156
571,157
571,158
571,159
571,160
571,161
571,162
571,163
571,164
571,165
571,166
571,167
571,168
571,169
571,170
571,171
571,172
571,173
571,174
571,175
571,176
571,177
571,178
571,179
571,180
571,181
571,182
571,183
571,184
571,185
571,186
571,187
571,188
571,189
571,190
571,191
571,192
571,193
571,194
571,195
571,196
571,197
571,198
571,199
571,200
571,201
571,202
571,203
571,204
571,205
571,206
571,207
571,208
571,209
571,210
571,211
571,212
571,213
571,214
571,215
571,216
571,217
571,218
571,219
571,220
571,221
571,222
571,223
571,224
571,225
571,226
571,227
571,228
571,229
571,230
571,231
571,232
571,233
571,234
571,235
571,236
571,237
571,238
571,239
571,240
571,241
571,242
571,243
571,244
571,245
571,246
571,247
571,248
571,249
571,250
571,251
571,252
571,253
571,254
571,255
571,256
571,257
571,258
571,259
571,260
571,261
571,262
571,263
571,264
571,265
571,266
571,267
571,268
571,269
571,270
571,271
571,272
571,273
571,274
571,275
571,276
571,277
571,278
571,279
571,280
571,281
571,282
571,283
571,284
571,285
571,286
571,287
571,288
571,289
571,290
571,291
571,292
571,293
571,294
571,295
571,296
571,297
571,298
571,299
571,300
571,301
571,302
571,303
572,118
572,119
572,120
572,121
572,122
572,123
572,124
572,125
572,126
572,127
572,128
572,129
572,130
572,131
572,132
572,133
572,134
572,135
572,136
572,137
572,138
572,139
572,140
572,141
572,142
572,143
572,144
572,145
572,146
572,147
572,148
572,149
572,150
572,151
572,152
572,153
572,154
572,155
572,156
572,157
572,158
572,159
572,160
572,161
572,162
572,163
572,164
572,165
572,166
572,167
572,168
572,169
572,170
572,171
572,172
572,173
572,174
572,175
572,176
572,177
572,178
572,179
572,180
572,181
572,182
572,183
572,184
572,185
572,186
572,187
572,188
572,189
572,190
572,191
572,192
572,193
572,194
572,195
572,196
572,197
572,198
572,199
572,200
572,201
572,202
572,203
572,204
572,205
572,206
572,207
572,208
572,209
572,210
572,211
572,212
572,213
572,214
572,215
572,216
572,217
572,218
572,219
572,220
572,221
572,222
572,223
572,224
572,225
572,226
572,227
572,228
572,229
572,230
572,231
572,232
572,233
572,234
572,235
572,236
572,237
572,238
572,239
572,240
572,241
572,242
572,243
572,244
572,245
572,246
572,247
572,248
572,249
572,250
572,251
572,252
572,253
572,254
572,255
572,256
572,257
572,258
572,259
572,260
572,261
572,262
572,263
572,264
572,265
572,266
572,267
572,268
572,269
572,270
572,271
572,272
572,273
572,274
572,275
572,276
572,277
572,278
572,279
572,280
572,281
572,282
572,283
572,284
572,285
572,286
572,287
572,288
572,289
572,290
572,291
572,292
572,293
572,294
572,295
572,296
572,297
572,298
572,299
572,300
572,301
572,302
572,303
573,118
573,119
573,120
573,121
573,122
573,123
573,124
573,162
573,163
573,164
573,165
573,166
573,167
573,210
573,211
573,212
573,213
573,214
573,257
573,258
573,259
573,260
573,300
573,301
573,302
573,303
574,118
574,119
574,120
574,121
574,122
574,123
574,124
574,162
574,163
574,164
574,165
574,166
574,167
574,210
574,211
574,212
574,213
574,214
574,257
574,258
574,259
574,260
574,300
574,301
574,302
574,303
574,304
