2,440,401
3,440,401
4,440,401
5,440,401
6,440,401
7,440,401
8,440,401
9,440,401
10,440,401
11,440,401
12,440,401
13,440,401
14,440,401
15,440,401
16,440,401
17,440,401
18,440,401
19,440,401
20,440,401
21,440,401
22,440,401
23,440,401
24,440,401
25,440,401
26,440,401
27,440,401
28,440,401
29,440,401
30,422,403
31,422,403
32,422,403
33,422,403
34,422,403
35,422,403
36,422,403
37,422,403
38,422,403
39,422,403
40,422,403
41,422,403
42,422,403
43,422,403
44,422,403
45,422,403
46,422,403
47,422,403
48,422,403
49,422,403
50,422,403
51,403,405
52,403,405
53,403,405
54,403,405
55,403,405
56,403,405
57,403,405
58,403,405
59,403,405
60,403,405
61,403,405
62,403,405
63,403,405
64,403,405
65,403,405
66,403,405
67,403,405
68,403,405
69,403,405
70,403,405
71,403,405
72,403,405
73,403,405
74,388,406
75,388,406
76,388,406
77,388,406
78,388,406
79,388,406
80,388,406
81,388,406
82,388,406
83,388,406
84,388,406
85,388,406
86,388,406
87,388,406
88,388,406
89,388,406
90,388,406
91,388,406
92,388,406
93,388,406
94,374,405
95,374,405
96,374,405
97,374,405
98,374,405
99,374,405
100,374,405
101,374,405
102,374,405
103,374,405
104,374,405
105,374,405
106,374,405
107,374,405
108,374,405
109,374,405
110,361,405
111,361,405
112,361,405
113,361,405
114,361,405
115,361,405
116,361,405
117,361,405
118,361,405
119,361,405
120,361,405
121,361,405
122,361,405
123,361,405
124,361,405
125,361,405
126,361,405
127,361,405
128,348,405
129,348,405
130,348,405
131,348,405
132,348,405
133,348,405
134,348,405
135,348,405
136,348,405
137,348,405
138,348,405
139,348,405
140,348,405
141,348,405
142,348,405
143,348,405
144,348,405
145,348,405
146,348,405
147,348,405
148,333,405
149,333,405
150,333,405
151,333,405
152,333,405
153,333,405
154,333,405
155,333,405
156,333,405
157,333,405
158,333,405
159,333,405
160,333,405
161,333,405
162,333,405
163,333,405
164,333,405
165,333,405
166,333,405
167,318,406
168,318,406
169,318,406
170,318,406
171,318,406
172,318,406
173,318,406
174,318,406
175,318,406
176,318,406
177,318,406
178,318,406
179,318,406
180,318,406
181,318,406
182,318,406
183,318,406
184,318,406
185,318,406
186,318,406
187,318,406
188,318,406
189,318,406
190,318,406
191,318,406
192,318,406
193,302,407
194,302,407
195,302,407
196,302,407
197,302,407
198,302,407
199,302,407
200,302,407
201,302,407
202,302,407
203,302,407
204,302,407
205,302,407
206,302,407
207,302,407
208,302,407
209,302,407
210,302,407
211,302,407
212,302,407
213,302,407
214,302,407
215,302,407
216,302,407
217,302,407
218,287,409
219,287,409
220,287,409
221,287,409
222,287,409
223,287,409
224,287,409
225,287,409
226,287,409
227,287,409
228,287,409
229,287,409
230,287,409
231,287,409
232,287,409
233,287,409
234,287,409
235,287,409
236,287,409
237,271,410
238,271,410
239,271,410
240,271,410
241,271,410
242,271,410
243,271,410
244,271,410
245,271,410
246,271,410
247,271,410
248,271,410
249,271,410
250,271,410
251,271,410
252,271,410
253,271,410
254,256,411
255,256,411
256,256,411
257,256,411
258,256,411
259,256,411
260,256,411
261,256,411
262,256,411
263,256,411
264,256,411
265,256,411
266,256,411
267,256,411
268,256,411
269,256,411
270,256,411
271,256,411
272,243,412
273,243,412
274,243,412
275,243,412
276,243,412
277,243,412
278,243,412
279,243,412
280,243,412
281,243,412
282,243,412
283,243,412
284,243,412
285,243,412
286,243,412
287,243,412
288,243,412
289,231,412
290,231,412
291,231,412
292,231,412
293,231,412
294,231,412
295,231,412
296,231,412
297,231,412
298,231,412
299,231,412
300,231,412
301,231,412
302,231,412
303,231,412
304,231,412
305,231,412
306,231,412
307,231,412
308,231,412
309,231,412
310,231,412
311,219,412
312,219,412
313,219,412
314,219,412
315,219,412
316,219,412
317,219,412
318,219,412
319,219,412
320,219,412
321,219,412
322,219,412
323,219,412
324,219,412
325,219,412
326,219,412
327,204,412
328,204,412
329,204,412
330,204,412
331,204,412
332,204,412
333,204,412
334,204,412
335,204,412
336,204,412
337,204,412
338,204,412
339,204,412
340,204,412
341,204,412
342,204,412
343,204,412
344,204,412
345,192,413
346,192,413
347,192,413
348,192,413
349,192,413
350,192,413
351,192,413
352,192,413
353,192,413
354,192,413
355,192,413
356,192,413
357,192,413
358,192,413
359,192,413
360,192,413
361,180,413
362,180,413
363,180,413
364,180,413
365,180,413
366,180,413
367,180,413
368,180,413
369,180,413
370,180,413
371,180,413
372,180,413
373,180,413
374,180,413
375,180,413
376,169,414
377,169,414
378,169,414
379,169,414
380,169,414
381,169,414
382,169,414
383,169,414
384,169,414
385,169,414
386,169,414
387,169,414
388,169,414
389,158,414
390,158,414
391,158,414
392,158,414
393,158,414
394,158,414
395,158,414
396,158,414
397,158,414
398,158,414
399,158,414
400,158,414
401,158,414
402,158,414
403,158,414
404,148,415
405,148,415
406,148,415
407,148,415
408,148,415
409,148,415
410,148,415
411,148,415
412,148,415
413,148,415
414,148,415
415,148,415
416,148,415
417,137,416
418,137,416
419,137,416
420,137,416
421,137,416
422,137,416
423,137,416
424,137,416
425,137,416
426,137,416
427,137,416
428,137,416
429,137,416
430,137,416
431,128,417
432,128,417
433,128,417
434,128,417
435,128,417
436,128,417
437,128,417
438,128,417
439,128,417
440,128,417
441,128,417
442,128,417
443,120,418
444,120,418
445,120,418
446,120,418
447,120,418
448,120,418
449,120,418
450,120,418
451,120,418
452,120,418
453,120,418
454,120,418
455,114,418
456,114,418
457,114,418
458,114,418
459,114,418
460,114,418
461,114,418
462,114,418
463,114,418
464,114,418
465,114,418
466,114,418
467,114,418
468,114,418
469,114,418
470,114,418
471,114,418
472,114,418
473,106,419
474,106,419
475,106,419
476,106,419
477,106,419
478,106,419
479,106,419
480,106,419
481,106,419
482,98,420
483,98,420
484,98,420
485,98,420
486,98,420
487,98,420
488,98,420
489,98,420
490,98,420
491,98,420
492,92,420
493,92,420
494,92,420
495,92,420
496,92,420
497,92,420
498,92,420
499,85,420
500,85,420
501,85,420
502,85,420
503,85,420
504,80,419
505,80,419
506,80,419
507,80,419
508,80,419
509,80,419
510,80,419
511,80,419
512,80,419
513,80,419
514,80,419
515,80,419
516,80,419
517,73,418
518,73,418
519,73,418
520,73,418
521,73,418
522,73,418
523,63,417
524,63,417
525,63,417
526,63,417
527,63,417
528,63,417
529,63,417
530,63,417
531,63,417
532,63,417
533,63,417
534,63,417
535,63,417
536,54,416
537,54,416
538,54,416
539,54,416
540,54,416
541,54,416
542,54,416
543,54,416
544,54,416
545,54,416
546,54,416
547,46,415
548,46,415
549,46,415
550,46,415
551,46,415
552,46,415
553,46,415
554,46,415
555,46,415
556,46,415
557,39,414
558,39,414
559,39,414
560,39,414
561,39,414
562,39,414
563,39,414
564,39,414
565,39,414
566,39,414
567,39,414
568,39,414
569,39,414
570,39,414
571,39,414
572,31,414
573,31,414
574,31,414
575,31,414
576,31,414
577,31,414
578,31,414
579,31,414
580,31,414
581,31,414
582,23,415
583,23,415
584,23,415
585,23,415
586,23,415
587,23,415
588,23,415
589,16,414
