2,81,66
3,81,66
4,81,66
5,81,66
6,81,66
7,81,66
8,81,66
9,81,66
10,81,66
11,81,66
12,81,66
13,81,66
14,81,66
15,81,66
16,81,66
17,81,66
18,81,66
19,81,66
20,81,66
21,81,66
22,81,66
23,81,66
24,81,66
25,81,66
26,81,66
27,81,66
28,81,66
29,81,66
30,81,66
31,81,66
32,81,66
33,81,66
34,81,66
35,81,66
36,81,66
37,81,66
38,81,66
39,81,66
40,81,66
41,81,66
42,81,66
43,81,66
44,81,66
45,81,66
46,81,66
47,81,66
48,81,66
49,81,66
50,81,66
51,81,66
52,81,66
53,81,66
54,81,66
55,81,66
56,81,66
57,81,66
58,81,66
59,81,66
60,81,66
61,76,76
62,76,76
63,76,76
64,76,76
65,76,76
66,76,76
67,76,76
68,76,76
69,76,76
70,76,76
71,76,76
72,76,76
73,76,76
74,76,76
75,81,85
76,81,85
77,81,85
78,81,85
79,81,85
80,81,85
81,81,85
82,81,85
83,81,85
84,81,85
85,81,85
86,82,95
87,82,95
88,82,95
89,82,95
90,82,95
91,82,95
92,82,95
93,82,95
94,82,95
95,82,95
96,82,95
97,82,95
98,85,105
99,85,105
100,85,105
101,85,105
102,85,105
103,85,105
104,85,105
105,85,105
106,85,105
107,85,105
108,85,105
109,85,105
110,86,113
111,86,113
112,86,113
113,86,113
114,86,113
115,86,113
116,86,113
117,86,113
118,87,121
119,87,121
120,87,121
121,87,121
122,87,121
123,87,121
124,87,121
125,87,121
126,87,121
127,86,129
128,86,129
129,86,129
130,86,129
131,86,129
132,86,129
133,86,129
134,86,129
135,87,138
136,87,138
137,87,138
138,87,138
139,87,138
140,87,138
141,87,138
142,87,138
143,87,138
144,87,138
145,87,138
146,87,138
147,84,147
148,84,147
149,84,147
150,84,147
151,84,147
152,84,147
153,84,147
154,84,147
155,84,147
156,84,147
157,84,147
158,82,156
159,82,156
160,82,156
161,82,156
162,82,156
163,82,156
164,82,156
165,82,156
166,82,156
167,82,156
168,83,165
169,83,165
170,83,165
171,83,165
172,83,165
173,83,165
174,83,165
175,83,165
176,83,165
177,83,165
178,81,175
179,81,175
180,81,175
181,81,175
182,81,175
183,81,175
184,81,175
185,81,175
186,81,175
187,81,175
188,81,175
189,81,175
190,81,175
191,77,184
192,77,184
193,77,184
194,77,184
195,77,184
196,77,184
197,77,184
198,77,184
199,77,184
200,77,184
201,77,184
202,77,184
203,77,184
204,77,184
205,77,184
206,77,184
207,77,184
208,77,184
209,77,184
210,77,184
211,77,184
212,77,184
213,77,184
214,77,184
215,77,184
216,77,184
217,77,184
218,77,184
219,77,184
220,77,184
221,77,184
222,77,184
223,77,184
224,77,184
225,77,184
226,77,184
227,77,184
228,77,184
229,77,184
230,77,184
231,77,184
232,75,193
233,75,193
234,75,193
235,75,193
236,75,193
237,75,193
238,75,193
239,75,193
240,75,193
241,75,193
242,75,193
243,75,193
244,75,193
245,75,193
246,74,203
247,74,203
248,74,203
249,74,203
250,74,203
251,74,203
252,74,203
253,74,203
254,74,203
255,75,212
256,75,212
257,75,212
258,75,212
259,75,212
260,75,212
261,75,212
262,75,212
263,75,212
264,75,212
265,75,212
266,76,222
267,76,222
268,76,222
269,76,222
270,76,222
271,76,222
272,76,222
273,76,222
274,76,222
275,76,222
276,76,222
277,76,232
278,76,232
279,76,232
280,76,232
281,76,232
282,76,232
283,76,232
284,76,232
285,76,232
286,76,232
287,76,232
288,76,232
289,76,243
290,76,243
291,76,243
292,76,243
293,76,243
294,76,243
295,76,243
296,76,243
297,76,243
298,76,243
299,76,243
300,76,243
301,77,253
302,77,253
303,77,253
304,77,253
305,77,253
306,77,253
307,77,253
308,77,253
309,77,253
310,77,253
311,77,253
312,77,253
313,77,253
314,77,253
315,77,253
316,77,253
317,81,263
318,81,263
319,81,263
320,81,263
321,81,263
322,81,263
323,81,263
324,81,263
325,81,263
326,81,263
327,81,263
328,81,263
329,81,263
330,81,263
331,81,263
332,81,263
333,81,263
334,81,263
335,81,263
336,81,263
337,81,263
338,81,263
339,84,273
340,84,273
341,84,273
342,84,273
343,84,273
344,84,273
345,84,273
346,84,273
347,84,273
348,84,273
349,84,273
350,86,283
351,86,283
352,86,283
353,86,283
354,86,283
355,86,283
356,86,283
357,86,283
358,86,283
359,86,283
360,89,293
361,89,293
362,89,293
363,89,293
364,89,293
365,89,293
366,89,293
367,89,293
368,89,293
369,89,293
370,89,293
371,89,293
372,88,301
373,88,301
374,88,301
375,88,301
376,88,301
377,88,301
378,88,301
379,88,301
380,88,301
381,88,301
382,86,309
383,86,309
384,86,309
385,86,309
386,86,309
387,86,309
388,84,317
389,84,317
390,84,317
391,84,317
392,84,317
393,84,317
394,84,317
395,84,317
396,84,317
397,84,317
398,84,326
399,84,326
400,84,326
401,84,326
402,84,326
403,84,326
404,84,326
405,84,326
406,84,326
407,84,326
408,84,326
409,81,334
410,81,334
411,81,334
412,81,334
413,81,334
414,81,334
415,81,334
416,81,334
417,81,334
418,81,334
419,81,334
420,81,334
421,81,334
422,81,334
423,81,334
424,81,334
425,85,343
426,85,343
427,85,343
428,85,343
429,85,343
430,85,343
431,85,343
432,85,343
433,85,343
434,85,343
435,85,343
436,85,343
437,85,343
438,85,343
439,85,343
440,80,352
441,80,352
442,80,352
443,80,352
444,80,352
445,80,352
446,80,352
447,80,352
448,80,352
449,77,361
450,77,361
451,77,361
452,77,361
453,77,361
454,77,361
455,77,361
456,77,361
457,77,361
458,77,361
459,77,361
460,77,361
461,77,361
462,73,369
463,73,369
464,73,369
465,73,369
466,73,369
467,73,369
468,73,369
469,73,369
470,73,369
471,73,369
472,73,369
473,73,369
474,73,369
475,71,377
476,71,377
477,71,377
478,71,377
479,71,377
480,71,377
481,71,377
482,73,386
483,73,386
484,73,386
485,73,386
486,73,386
487,73,386
488,73,386
489,73,386
490,73,386
491,73,386
492,73,386
493,73,386
494,73,395
495,73,395
496,73,395
497,73,395
498,73,395
499,73,395
500,76,403
501,76,403
502,76,403
503,76,403
504,76,403
505,76,403
506,76,403
507,76,403
508,77,412
509,77,412
510,77,412
511,77,412
512,77,412
513,77,412
514,77,412
515,77,412
516,78,419
517,78,419
518,78,419
519,78,419
520,78,419
521,78,419
522,78,419
523,82,426
524,82,426
525,82,426
526,82,426
527,82,426
528,82,426
529,82,426
530,82,426
531,82,426
532,82,426
533,82,426
534,82,426
535,82,426
536,82,426
537,82,426
538,82,426
539,82,426
540,82,426
541,84,434
542,84,434
543,84,434
544,84,434
545,84,434
546,84,434
547,84,434
548,84,434
549,86,441
550,86,441
551,86,441
552,86,441
553,86,441
554,86,441
555,86,441
556,86,441
557,86,441
558,86,441
559,86,441
560,86,441
561,86,441
562,87,449
563,87,449
564,87,449
565,87,449
566,87,449
567,87,449
568,87,449
569,87,449
570,87,449
571,87,449
572,87,449
573,87,449
574,87,449
575,87,449
576,87,449
577,87,449
578,87,449
579,90,458
