2,418,67
3,418,67
4,418,67
5,418,67
6,418,67
7,418,67
8,418,67
9,418,67
10,418,67
11,418,67
12,418,67
13,418,67
14,418,67
15,418,67
16,418,67
17,418,67
18,418,67
19,418,67
20,418,67
21,418,67
22,418,67
23,418,67
24,393,68
25,393,68
26,393,68
27,393,68
28,393,68
29,393,68
30,393,68
31,393,68
32,393,68
33,393,68
34,393,68
35,393,68
36,393,68
37,393,68
38,393,68
39,393,68
40,393,68
41,393,68
42,393,68
43,393,68
44,393,68
45,393,68
46,393,68
47,393,68
48,393,68
49,393,68
50,393,68
51,393,68
52,393,68
53,393,68
54,393,68
55,393,68
56,393,68
57,393,68
58,393,68
59,393,68
60,393,68
61,393,68
62,393,68
63,393,68
64,393,68
65,370,69
66,370,69
67,370,69
68,370,69
69,370,69
70,370,69
71,370,69
72,370,69
73,370,69
74,370,69
75,370,69
76,370,69
77,370,69
78,370,69
79,370,69
80,370,69
81,370,69
82,370,69
83,370,69
84,370,69
85,370,69
86,370,69
87,370,69
88,370,69
89,370,69
90,370,69
91,370,69
92,348,70
93,348,70
94,348,70
95,348,70
96,348,70
97,348,70
98,348,70
99,348,70
100,348,70
101,348,70
102,348,70
103,348,70
104,348,70
105,348,70
106,348,70
107,348,70
108,348,70
109,348,70
110,348,70
111,348,70
112,348,70
113,348,70
114,348,70
115,348,70
116,348,70
117,348,70
118,348,70
119,325,71
120,325,71
121,325,71
122,325,71
123,325,71
124,325,71
125,325,71
126,325,71
127,325,71
128,325,71
129,325,71
130,325,71
131,325,71
132,325,71
133,325,71
134,325,71
135,325,71
136,325,71
137,325,71
138,325,71
139,325,71
140,325,71
141,325,71
142,325,71
143,325,71
144,325,71
145,325,71
146,325,71
147,325,71
148,303,73
149,303,73
150,303,73
151,303,73
152,303,73
153,303,73
154,303,73
155,303,73
156,303,73
157,303,73
158,303,73
159,303,73
160,303,73
161,303,73
162,303,73
163,303,73
164,303,73
165,303,73
166,303,73
167,303,73
168,303,73
169,303,73
170,303,73
171,303,73
172,281,75
173,281,75
174,281,75
175,281,75
176,281,75
177,281,75
178,281,75
179,281,75
180,281,75
181,281,75
182,281,75
183,281,75
184,281,75
185,281,75
186,281,75
187,281,75
188,281,75
189,281,75
190,281,75
191,281,75
192,281,75
193,281,75
194,281,75
195,281,75
196,281,75
197,281,75
198,281,75
199,281,75
200,281,75
201,281,75
202,258,77
203,258,77
204,258,77
205,258,77
206,258,77
207,258,77
208,258,77
209,258,77
210,258,77
211,258,77
212,258,77
213,258,77
214,258,77
215,258,77
216,258,77
217,258,77
218,258,77
219,258,77
220,258,77
221,258,77
222,258,77
223,258,77
224,258,77
225,258,77
226,258,77
227,258,77
228,235,79
229,235,79
230,235,79
231,235,79
232,235,79
233,235,79
234,235,79
235,235,79
236,235,79
237,235,79
238,235,79
239,235,79
240,235,79
241,235,79
242,235,79
243,235,79
244,235,79
245,235,79
246,235,79
247,235,79
248,235,79
249,235,79
250,235,79
251,235,79
252,235,79
253,235,79
254,235,79
255,235,79
256,235,79
257,235,79
258,235,79
259,235,79
260,235,79
261,235,79
262,235,79
263,235,79
264,235,79
265,235,79
266,235,79
267,235,79
268,235,79
269,235,79
270,235,79
271,217,79
272,217,79
273,217,79
274,217,79
275,217,79
276,217,79
277,217,79
278,217,79
279,217,79
280,217,79
281,217,79
282,217,79
283,217,79
284,217,79
285,217,79
286,217,79
287,217,79
288,217,79
289,217,79
290,217,79
291,217,79
292,217,79
293,217,79
294,217,79
295,217,79
296,217,79
297,217,79
298,217,79
299,217,79
300,217,79
301,217,79
302,217,79
303,217,79
304,217,79
305,217,79
306,198,80
307,198,80
308,198,80
309,198,80
310,198,80
311,198,80
312,198,80
313,198,80
314,198,80
315,198,80
316,198,80
317,198,80
318,198,80
319,198,80
320,198,80
321,198,80
322,198,80
323,198,80
324,198,80
325,198,80
326,198,80
327,198,80
328,198,80
329,184,80
330,184,80
331,184,80
332,184,80
333,184,80
334,184,80
335,184,80
336,184,80
337,184,80
338,184,80
339,184,80
340,184,80
341,184,80
342,184,80
343,184,80
344,184,80
345,184,80
346,184,80
347,184,80
348,184,80
349,164,81
350,164,81
351,164,81
352,164,81
353,164,81
354,164,81
355,164,81
356,164,81
357,164,81
358,164,81
359,164,81
360,164,81
361,164,81
362,164,81
363,164,81
364,164,81
365,164,81
366,164,81
367,164,81
368,164,81
369,164,81
370,164,81
371,164,81
372,164,81
373,164,81
374,164,81
375,146,83
376,146,83
377,146,83
378,146,83
379,146,83
380,146,83
381,146,83
382,146,83
383,146,83
384,146,83
385,146,83
386,146,83
387,146,83
388,146,83
389,146,83
390,146,83
391,146,83
392,146,83
393,146,83
394,146,83
395,146,83
396,146,83
397,146,83
398,125,86
399,125,86
400,125,86
401,125,86
402,125,86
403,125,86
404,125,86
405,125,86
406,125,86
407,125,86
408,125,86
409,125,86
410,125,86
411,125,86
412,125,86
413,125,86
414,125,86
415,125,86
416,125,86
417,125,86
418,125,86
419,125,86
420,125,86
421,125,86
422,125,86
423,125,86
424,125,86
425,125,86
426,125,86
427,125,86
428,125,86
429,125,86
430,125,86
431,107,87
432,107,87
433,107,87
434,107,87
435,107,87
436,107,87
437,107,87
438,107,87
439,107,87
440,107,87
441,107,87
442,107,87
443,107,87
444,107,87
445,107,87
446,107,87
447,107,87
448,107,87
449,107,87
450,107,87
451,107,87
452,107,87
453,107,87
454,90,90
455,90,90
456,90,90
457,90,90
458,90,90
459,90,90
460,90,90
461,90,90
462,90,90
463,90,90
464,90,90
465,90,90
466,90,90
467,90,90
468,90,90
469,90,90
470,90,90
471,90,90
472,90,90
473,90,90
474,90,90
475,90,90
476,90,90
477,90,90
478,90,90
479,75,89
480,75,89
481,75,89
482,75,89
483,75,89
484,75,89
485,75,89
486,75,89
487,75,89
488,75,89
489,75,89
490,75,89
491,75,89
492,75,89
493,75,89
494,75,89
495,75,89
496,75,89
497,75,89
498,75,89
499,75,89
500,75,89
501,75,89
502,59,88
503,59,88
504,59,88
505,59,88
506,59,88
507,59,88
508,59,88
509,59,88
510,59,88
511,59,88
512,59,88
513,59,88
514,59,88
515,59,88
516,59,88
517,59,88
518,59,88
519,59,88
520,59,88
521,59,88
522,59,88
523,59,88
524,42,86
525,42,86
526,42,86
527,42,86
528,42,86
529,42,86
530,42,86
531,42,86
532,42,86
533,42,86
534,42,86
535,42,86
536,42,86
537,42,86
538,42,86
539,42,86
540,42,86
541,42,86
542,42,86
543,42,86
544,42,86
545,27,85
546,27,85
547,27,85
548,27,85
549,27,85
550,27,85
551,27,85
552,27,85
553,27,85
554,27,85
555,27,85
556,27,85
557,27,85
558,27,85
559,27,85
560,27,85
561,27,85
562,11,84
