2,333,450
3,333,450
4,333,450
5,333,450
6,333,450
7,333,450
8,333,450
9,333,450
10,333,450
11,333,450
12,333,450
13,333,450
14,333,450
15,333,450
16,333,450
17,333,450
18,333,450
19,333,450
20,333,450
21,333,450
22,333,450
23,333,450
24,333,450
25,333,450
26,333,450
27,333,450
28,333,450
29,333,450
30,333,450
31,333,450
32,333,450
33,333,450
34,333,450
35,333,450
36,333,450
37,333,450
38,333,450
39,333,450
40,333,450
41,333,450
42,333,450
43,333,450
44,333,450
45,333,450
46,333,450
47,333,450
48,333,450
49,333,450
50,333,450
51,333,450
52,333,450
53,333,450
54,333,450
55,333,450
56,333,450
57,333,450
58,333,450
59,333,450
60,333,450
61,333,450
62,333,450
63,333,450
64,333,450
65,333,450
66,333,450
67,333,450
68,333,450
69,333,450
70,333,450
71,333,450
72,333,450
73,333,450
74,333,450
75,333,450
76,333,450
77,333,450
78,333,450
79,333,450
80,333,450
81,333,450
82,333,450
83,333,450
84,333,450
85,333,450
86,333,450
87,333,450
88,333,450
89,333,450
90,333,450
91,333,450
92,333,450
93,333,450
94,333,450
95,333,450
96,333,450
97,333,450
98,333,450
99,333,450
100,333,450
101,333,450
102,333,450
103,333,450
104,333,450
105,333,450
106,333,450
107,333,450
108,333,450
109,333,450
110,333,450
111,333,450
112,333,450
113,333,450
114,333,450
115,333,450
116,333,450
117,333,450
118,333,450
119,333,450
120,333,450
121,333,450
122,333,450
123,333,450
124,333,450
125,333,450
126,333,450
127,333,450
128,333,450
129,333,450
130,333,450
131,333,450
132,333,450
133,333,450
134,333,450
135,333,450
136,333,450
137,333,450
138,333,450
139,333,450
140,333,450
141,333,450
142,333,450
143,333,450
144,333,450
145,333,450
146,333,450
147,333,450
148,333,450
149,333,450
150,333,450
151,333,450
152,333,450
153,333,450
154,333,450
155,333,450
156,333,450
157,333,450
158,333,450
159,333,450
160,333,450
161,333,450
162,333,450
163,333,450
164,333,450
165,333,450
166,333,450
167,333,450
168,333,450
169,333,450
170,333,450
171,333,450
172,333,450
173,333,450
174,333,450
175,333,450
176,333,450
177,333,450
178,333,450
179,333,450
180,333,450
