23.7625	
24.0293	
24.829	
25.2906	
26.4536	
26.8562	
30.053	
30.7814	
31.3225	
31.6782	
31.8644	
32.1329	
32.3024	
32.9143	
33.5264	
34.4861	
34.805	
36.2873	
49.6584	
50.9439	
61.4879	
62.1169	
88.949	
89.3454	
89.7501	
91.0193	
101.534	
101.816	
105.111	
105.465	
108.758	
109.513	
111.565	
111.975	
114.243	
115.071	
115.207	
115.583	
116.014	
116.294	
128.174	
129.845	
138.999	
139.715	
139.959	
140.299	
140.778	
141.086	
152.524	
154.717	
177.991	
179.987	
222.096	
223.592	
234.263	
234.564	
252.236	
252.501	
253.066	
253.493	
270.581	
270.821	
274.009	
276.177	
314.553	
315.406	
316.487	
317.079	
317.439	
319.701	
320.346	
322.193	
326.012	
326.623	
369.171	
369.782	
128.045	
129.815	
138.87	
141.631	
144.107	
144.353	
144.556	
145.093	
145.226	
145.672	
146.067	
146.548	
146.674	
146.9	
152.389	
154.956	
177.862	
181.555	
211.096	
211.345	
218.456	
218.813	
219.024	
219.344	
221.967	
224.9	
234.115	
234.838	
236.912	
237.429	
243.732	
243.939	
245.572	
245.896	
248.262	
248.48	
250.152	
250.471	
250.713	
251.581	
252.106	
253.56	
253.991	
254.219	
257.305	
257.811	
261.484	
262.253	
266.376	
266.838	
266.941	
267.589	
270.445	
270.932	
273.879	
276.599	
283.857	
284.379	
289.56	
290.133	
305.74	
305.956	
306.098	
307.156	
307.284	
310.838	
314.424	
322.417	
325.811	
326.952	
353.107	
353.308	
364.19	
365.106	
368.731	
370.088	
374.49	
375.272	
376.212	
376.848	
381.75	
382.166	
390.463	
391.72	
395.7	
396.186	
401.667	
403.072	
61.3563	
62.0966	
62.1475	
62.6559	
88.8201	
89.0331	
89.0463	
89.3616	
89.4986	
91.1936	
99.3748	
99.6453	
99.8863	
100.158	
101.394	
101.917	
104.093	
104.381	
104.979	
105.538	
108.004	
108.273	
108.624	
109.646	
111.416	
112.049	
114.114	
116.307	
128.045	
129.815	
138.87	
139.698	
139.735	
141.108	
152.389	
154.777	
177.862	
180.058	
221.967	
223.972	
224.055	
224.321	
234.115	
234.495	
245.572	
245.846	
250.852	
251.167	
252.106	
253.451	
270.445	
270.89	
273.879	
276.167	
276.189	
276.577	
283.857	
284.063	
314.424	
315.435	
316.356	
317.103	
317.187	
319.808	
319.859	
322.417	
325.834	
326.791	
368.798	
369.85	
374.508	
375.022	
390.463	
391.547	
395.803	
396.019	
